0 0.10703125 0.04453125 0.025 0.0421875
0 0.24296875 0.040625 0.02890625 0.0421875
0 0.3796875 0.04375 0.03125 0.0515625
15 0.23046875 0.515625 0.0578125 0.053125
15 0.38984375 0.515625 0.053125 0.04609375
15 0.54609375 0.515625 0.06484375 0.05703125
15 0.70703125 0.52421875 0.06015625 0.0640625
15 0.8484375 0.4953125 0.03359375 0.06953125
15 0.85 0.2625 0.040625 0.07578125
15 0.84921875 0.0296875 0.0375 0.05859375
17 0.9703125 0.4078125 0.03359375 0.06328125
21 0.4796875 0.09765625 0.0484375 0.03671875
34 0.478125 0.1453125 0.02421875 0.05625
22 0.028125 0.3875 0.03984375 0.04765625
25 0.08125 0.4859375 0.0421875 0.04609375
28 0.04296875 0.43515625 0.0515625 0.0515625
8 0.08046875 0.38515625 0.04609375 0.04921875