0 0.2234375 0.11953125 0.02578125 0.0375
0 0.19921875 0.15078125 0.02890625 0.04765625
0 0.2234375 0.3734375 0.021875 0.040625
0 0.1984375 0.403125 0.0359375 0.04453125
0 0.22265625 0.6296875 0.02734375 0.0390625
0 0.2 0.66015625 0.02890625 0.0390625
0 0.49375 0.04921875 0.0296875 0.0546875
0 0.64609375 0.05 0.03046875 0.05078125
0 0.8 0.05 0.028125 0.053125
0 0.94921875 0.05078125 0.03046875 0.0578125
0 0.5015625 0.4203125 0.0234375 0.04765625
0 0.65234375 0.4203125 0.02578125 0.053125
0 0.8046875 0.41953125 0.0234375 0.06484375
0 0.95625 0.425 0.025 0.053125
2 0.31953125 0.64375 0.04296875 0.03984375
3 0.34609375 0.12734375 0.0296875 0.05078125
3 0.34609375 0.49609375 0.02890625 0.05625
4 0.421875 0.12890625 0.03671875 0.0578125
4 0.42109375 0.4984375 0.03671875 0.0609375
16 0.671875 0.12890625 0.03359375 0.05390625
16 0.66953125 0.50078125 0.0359375 0.06640625
24 0.56328125 0.12578125 0.034375 0.05625
24 0.5625 0.496875 0.03671875 0.0671875
23 0.74921875 0.13046875 0.05078125 0.05625
1 0.828125 0.12421875 0.0453125 0.05625
1 0.82890625 0.496875 0.05546875 0.0625
21 0.96875 0.1265625 0.0375 0.040625