0 0.19296875 0.21875 0.0296875 0.02734375
0 0.4890625 0.046875 0.03671875 0.0453125
0 0.63828125 0.0453125 0.040625 0.0375
0 0.79765625 0.0484375 0.02734375 0.0390625
0 0.19375 0.3890625 0.03828125 0.03671875
0 0.50078125 0.296875 0.03125 0.0375
0 0.653125 0.296875 0.03828125 0.0421875
0 0.81171875 0.30078125 0.03671875 0.04375
0 0.96171875 0.296875 0.03515625 0.040625
0 0.19375 0.55703125 0.03515625 0.0390625
0 0.49375 0.54375 0.03515625 0.04375
0 0.64609375 0.5421875 0.02890625 0.04375
0 0.80234375 0.546875 0.0328125 0.046875
0 0.95625 0.54765625 0.0296875 0.046875
0 0.19375 0.73046875 0.0390625 0.03359375
0 0.19296875 0.903125 0.040625 0.03671875
0 0.48671875 0.79296875 0.025 0.04765625
0 0.64296875 0.796875 0.03125 0.0453125
0 0.79453125 0.7984375 0.02578125 0.0453125
3 0.3421875 0.0984375 0.03125 0.0421875
3 0.34140625 0.3484375 0.02890625 0.03671875
3 0.34140625 0.59765625 0.03125 0.040625
3 0.34140625 0.84609375 0.034375 0.04375
4 0.41796875 0.1015625 0.0328125 0.046875
4 0.41796875 0.34921875 0.0328125 0.04375
4 0.41875 0.59609375 0.03515625 0.040625
4 0.41953125 0.846875 0.03671875 0.0421875
5 0.496875 0.1 0.03125 0.040625
5 0.49609375 0.3484375 0.0328125 0.03671875
5 0.49453125 0.5984375 0.040625 0.0421875
16 0.65859375 0.09921875 0.034375 0.0421875
16 0.6734375 0.35078125 0.03671875 0.0421875
16 0.66015625 0.59609375 0.0390625 0.040625
16 0.66171875 0.8484375 0.0390625 0.0421875
24 0.5625 0.8484375 0.040625 0.03984375
21 0.9 0.096875 0.05546875 0.04375
21 0.90234375 0.3484375 0.0546875 0.03984375
21 0.90078125 0.84765625 0.05234375 0.03515625
33 0.90078125 0.13828125 0.03671875 0.03671875
33 0.90390625 0.38984375 0.04609375 0.0390625
33 0.9 0.890625 0.0359375 0.0390625
1 0.83203125 0.84375 0.04609375 0.0421875