40 0.265625 0.11640625 0.03359375 0.0328125
32 0.303125 0.11640625 0.03203125 0.03671875
22 0.02578125 0.340625 0.03359375 0.03671875
28 0.040625 0.38359375 0.04921875 0.0375
8 0.08515625 0.33984375 0.04453125 0.0390625
7 0.0859375 0.596875 0.0484375 0.0421875
21 0.14375 0.596875 0.04296875 0.03125
21 0.5046875 0.59453125 0.046875 0.0375
25 0.0859375 0.42890625 0.04296875 0.02890625
25 0.08515625 0.684375 0.0453125 0.03125
27 0.16171875 0.640625 0.05859375 0.0421875
34 0.5046875 0.63671875 0.02265625 0.04609375
15 0.23984375 0.45625 0.0671875 0.05390625
15 0.40625 0.4578125 0.08046875 0.0515625
15 0.58046875 0.4609375 0.06171875 0.06640625
15 0.75234375 0.45078125 0.09453125 0.0578125
15 0.88828125 0.60703125 0.04609375 0.08203125
15 0.8890625 0.825 0.03515625 0.08359375
15 0.74609375 0.73515625 0.0703125 0.04296875
15 0.57109375 0.73046875 0.07265625 0.05390625
15 0.4125 0.7265625 0.06640625 0.059375
15 0.240625 0.7265625 0.05625 0.059375
0 0.1140625 0.54453125 0.02734375 0.04296875
0 0.25625 0.5484375 0.03203125 0.05390625
0 0.4 0.5453125 0.0375 0.0421875