0 0.19296875 0.0828125 0.0390625 0.0359375
0 0.49765625 0.0546875 0.0296875 0.034375
0 0.6515625 0.05390625 0.0328125 0.0328125
0 0.80625 0.0546875 0.0328125 0.04296875
0 0.96328125 0.05703125 0.03359375 0.04140625
0 0.95390625 0.29765625 0.0375 0.040625
0 0.8 0.2953125 0.0375 0.0515625
0 0.6484375 0.2984375 0.021875 0.0359375
0 0.4921875 0.29921875 0.040625 0.0375
0 0.9859375 0.546875 0.02734375 0.04296875
0 0.98828125 0.79765625 0.0234375 0.0359375
0 0.8375 0.546875 0.0328125 0.040625
0 0.8390625 0.79609375 0.0296875 0.0390625
0 0.68515625 0.79140625 0.02734375 0.040625
0 0.6828125 0.546875 0.03359375 0.0375
0 0.2171875 0.240625 0.0296875 0.02265625
0 0.1921875 0.25859375 0.02734375 0.02734375
0 0.21953125 0.41015625 0.0375 0.034375
0 0.19453125 0.42578125 0.0390625 0.034375
0 0.21796875 0.57734375 0.0390625 0.02578125
0 0.1921875 0.5953125 0.02734375 0.03203125
0 0.5296875 0.79140625 0.0375 0.04609375
0 0.52890625 0.5453125 0.0328125 0.04296875
0 0.215625 0.746875 0.02578125 0.02578125
0 0.19296875 0.765625 0.025 0.0234375
0 0.215625 0.9171875 0.02578125 0.02734375
0 0.19296875 0.93671875 0.02890625 0.0265625
23 0.74453125 0.353125 0.04609375 0.03515625
3 0.3421875 0.10546875 0.034375 0.0421875
3 0.33984375 0.35 0.0359375 0.046875
3 0.340625 0.59609375 0.0328125 0.03671875
3 0.3421875 0.84375 0.03046875 0.03671875
4 0.41953125 0.10390625 0.03515625 0.04453125
4 0.41796875 0.35390625 0.0359375 0.04296875
4 0.41640625 0.59765625 0.0390625 0.04453125
4 0.41875 0.84765625 0.03515625 0.0453125
5 0.4953125 0.59765625 0.034375 0.0375
5 0.49375 0.8453125 0.03515625 0.04296875
16 0.65703125 0.10625 0.0328125 0.0375
16 0.6578125 0.35234375 0.0359375 0.040625
16 0.67265625 0.60078125 0.0421875 0.05078125
16 0.67265625 0.84921875 0.04140625 0.04453125
24 0.5609375 0.3515625 0.03984375 0.0453125
1 0.8328125 0.3515625 0.05078125 0.03671875
21 0.9734375 0.35234375 0.03828125 0.02421875
21 0.8984375 0.84375 0.0609375 0.034375
33 0.89921875 0.88359375 0.0390625 0.03515625