0 0.1984375 0.2125 0.03671875 0.0375
0 0.48203125 0.05234375 0.03125 0.04609375
0 0.6453125 0.05234375 0.034375 0.04296875
0 0.8078125 0.0484375 0.04921875 0.0484375
0 0.9765625 0.04921875 0.034375 0.04140625
0 0.19765625 0.38203125 0.03515625 0.04296875
0 0.52109375 0.29921875 0.03671875 0.046875
0 0.6875 0.3015625 0.02890625 0.0390625
0 0.85078125 0.3015625 0.03125 0.040625
0 0.6828125 0.55 0.0265625 0.040625
0 0.840625 0.5484375 0.040625 0.05078125
0 0.51875 0.553125 0.0390625 0.04453125
0 0.19765625 0.55703125 0.0453125 0.03203125
0 0.19921875 0.7359375 0.03515625 0.0359375
0 0.196875 0.91015625 0.03515625 0.0375
0 0.55859375 0.81171875 0.0375 0.04140625
0 0.721875 0.809375 0.03125 0.05390625
1 0.8796875 0.10078125 0.04609375 0.04453125
1 0.87890625 0.60625 0.040625 0.04453125
1 0.88046875 0.8578125 0.04609375 0.0390625
3 0.35546875 0.10078125 0.03828125 0.04453125
3 0.35546875 0.35390625 0.0375 0.04296875
3 0.3578125 0.6046875 0.0375 0.0421875
3 0.35546875 0.86171875 0.03828125 0.0421875
4 0.43828125 0.0984375 0.04296875 0.03984375
4 0.43828125 0.3546875 0.034375 0.04921875
4 0.440625 0.6078125 0.03828125 0.04296875
4 0.43828125 0.86171875 0.034375 0.04453125
5 0.521875 0.86015625 0.0375 0.05
16 0.7109375 0.10078125 0.040625 0.0421875
16 0.70703125 0.3546875 0.04453125 0.04921875
16 0.70703125 0.60703125 0.04296875 0.04453125
16 0.7109375 0.8609375 0.034375 0.046875
23 0.79140625 0.103125 0.05234375 0.03984375
23 0.78984375 0.60703125 0.04296875 0.0421875
24 0.58984375 0.10078125 0.040625 0.0421875
24 0.590625 0.60625 0.04140625 0.040625
24 0.5921875 0.86015625 0.04296875 0.04296875