0 0.215625 0.06875 0.03671875 0.02734375
0 0.215625 0.23671875 0.046875 0.02734375
0 0.2140625 0.39921875 0.040625 0.0359375
0 0.21953125 0.57421875 0.03984375 0.04375
0 0.23671875 0.709375 0.02734375 0.046875
0 0.21328125 0.74140625 0.03671875 0.034375
0 0.23515625 0.8796875 0.028125 0.0296875
0 0.21484375 0.909375 0.02734375 0.02421875
0 0.53203125 0.28671875 0.028125 0.04140625
0 0.678125 0.28984375 0.03203125 0.03984375
0 0.521875 0.5296875 0.040625 0.03828125
0 0.671875 0.5296875 0.03984375 0.04375
0 0.81796875 0.5328125 0.028125 0.03828125
0 0.96484375 0.534375 0.03046875 0.04140625
0 0.48984375 0.7734375 0.02578125 0.04140625
0 0.63359375 0.77265625 0.034375 0.04296875
0 0.77890625 0.77578125 0.03046875 0.04375
3 0.35078125 0.090625 0.03828125 0.03828125
3 0.35078125 0.3375 0.03828125 0.0453125
3 0.35234375 0.584375 0.034375 0.059375
3 0.34765625 0.825 0.04453125 0.04296875
4 0.42578125 0.0921875 0.034375 0.03671875
4 0.4265625 0.3359375 0.034375 0.03984375
4 0.425 0.828125 0.03046875 0.04296875
5 0.5 0.83125 0.040625 0.046875
5 0.4984375 0.33671875 0.04296875 0.05546875
5 0.5 0.09140625 0.03828125 0.0515625
16 0.64921875 0.09375 0.040625 0.03984375
16 0.66484375 0.33515625 0.02734375 0.03828125
16 0.66953125 0.825 0.03203125 0.04296875
24 0.56015625 0.3375 0.03359375 0.0484375
1 0.81640625 0.33203125 0.0515625 0.04140625
21 0.88359375 0.82265625 0.05078125 0.04375
33 0.88125 0.86171875 0.0484375 0.0484375