21 0.02265625 0.08671875 0.03828125 0.03359375
21 0.46015625 0.08125 0.0546875 0.0421875
21 0.0234375 0.58515625 0.03984375 0.02890625
21 0.1703125 0.58828125 0.05234375 0.03203125
21 0.51484375 0.58671875 0.05 0.03515625
38 0.46171875 0.12265625 0.040625 0.03515625
28 0.071875 0.37578125 0.05703125 0.0390625
25 0.11328125 0.425 0.040625 0.03515625
25 0.11484375 0.6734375 0.0453125 0.0390625
22 0.0578125 0.3390625 0.04296875 0.03828125
8 0.115625 0.33515625 0.05703125 0.05078125
7 0.1140625 0.58671875 0.046875 0.046875
40 0.34140625 0.86875 0.02578125 0.03828125
32 0.3734375 0.86875 0.0265625 0.03203125
0 0.11328125 0.0375 0.0375 0.0484375
0 0.253125 0.0390625 0.03359375 0.03515625
0 0.3828125 0.03515625 0.03515625 0.05234375
15 0.25859375 0.45078125 0.071875 0.046875
15 0.42578125 0.45078125 0.09453125 0.05546875
15 0.57734375 0.45 0.07890625 0.05390625
15 0.73828125 0.44921875 0.071875 0.0453125
15 0.88515625 0.6453125 0.0453125 0.0875
15 0.89140625 0.85 0.03984375 0.109375
15 0.746875 0.72890625 0.06875 0.05078125
15 0.58984375 0.72109375 0.08984375 0.05
15 0.4234375 0.71640625 0.07578125 0.040625
15 0.25703125 0.7203125 0.06484375 0.0453125
0 0.0125 0.2875 0.025 0.046875
0 0.0078125 0.5359375 0.015625 0.053125
0 0.14453125 0.5375 0.028125 0.03203125
0 0.278125 0.53828125 0.03046875 0.0390625
0 0.41796875 0.5390625 0.0328125 0.046875
34 0.51796875 0.62890625 0.02578125 0.046875
27 0.18671875 0.628125 0.059375 0.0390625