0 0.06015625 0.7421875 0.03046875 0.040625
0 0.1953125 0.74140625 0.028125 0.034375
0 0.33515625 0.740625 0.0296875 0.03515625
15 0.17890625 0.67734375 0.0578125 0.03515625
15 0.3484375 0.6796875 0.06484375 0.034375
15 0.50390625 0.67578125 0.07890625 0.0421875
15 0.675 0.6765625 0.06953125 0.040625
15 0.17578125 0.89453125 0.0578125 0.04609375
15 0.3421875 0.89375 0.06171875 0.04921875
15 0.5046875 0.89375 0.07421875 0.05625
15 0.67109375 0.89296875 0.06640625 0.05625
15 0.8125 0.8234375 0.03671875 0.0765625
15 0.81328125 0.6390625 0.0328125 0.06015625
15 0.81328125 0.4484375 0.04140625 0.0640625
15 0.81484375 0.25625 0.0390625 0.0640625
15 0.81640625 0.0703125 0.0453125 0.06171875
7 0.02734375 0.5515625 0.05 0.040625
21 0.08671875 0.55390625 0.05234375 0.03671875
27 0.103125 0.59453125 0.059375 0.040625
25 0.0296875 0.63515625 0.04765625 0.02421875
25 0.0265625 0.86875 0.04375 0.0328125
21 0.4359375 0.78828125 0.0484375 0.03515625
34 0.43828125 0.8234375 0.0296875 0.040625
8 0.028125 0.78671875 0.0546875 0.04609375
17 0.9375 0.8046875 0.03671875 0.04609375