0 0.44296875 0.0859375 0.02578125 0.046875
0 0.58046875 0.0828125 0.02734375 0.0421875
0 0.7234375 0.08125 0.02890625 0.04765625
0 0.18984375 0.05 0.03125 0.02578125
0 0.165625 0.065625 0.02890625 0.0359375
0 0.18984375 0.240625 0.028125 0.03828125
0 0.16640625 0.253125 0.03515625 0.0359375
1 0.76171875 0.14453125 0.0453125 0.05078125
2 0.2796875 0.253125 0.0421875 0.03828125
3 0.3046875 0.13984375 0.03828125 0.046875
4 0.37109375 0.14375 0.03828125 0.0578125
5 0.4453125 0.14375 0.03828125 0.05234375
16 0.6125 0.14375 0.03515625 0.046875
24 0.5078125 0.140625 0.03203125 0.053125
21 0.82421875 0.140625 0.0484375 0.03984375
33 0.82265625 0.1890625 0.04140625 0.04921875