0 0.45703125 0.0359375 0.03515625 0.0359375
0 0.60625 0.03046875 0.03828125 0.05
0 0.74453125 0.0234375 0.0375 0.046875
0 0.896875 0.02734375 0.0328125 0.0375
0 0.46640625 0.2890625 0.028125 0.0375
0 0.61328125 0.2921875 0.028125 0.04609375
0 0.75625 0.2921875 0.03984375 0.0515625
0 0.9015625 0.29765625 0.03359375 0.0484375
0 0.93203125 0.55234375 0.03046875 0.0609375
0 0.78671875 0.55390625 0.040625 0.046875
0 0.634375 0.55703125 0.03828125 0.04296875
0 0.4875 0.5578125 0.03203125 0.0359375
0 0.4546875 0.8171875 0.0296875 0.04453125
0 0.5984375 0.8203125 0.0421875 0.03359375
0 0.74609375 0.81640625 0.02578125 0.0359375
0 0.19453125 0.14453125 0.025 0.03046875
0 0.16796875 0.1546875 0.03046875 0.03203125
0 0.19453125 0.32578125 0.02265625 0.025
0 0.16796875 0.33359375 0.03515625 0.0265625
0 0.19453125 0.5015625 0.03203125 0.03203125
0 0.17109375 0.51171875 0.0296875 0.040625
0 0.19609375 0.68671875 0.02578125 0.034375
0 0.16875 0.69921875 0.0328125 0.0359375
0 0.19296875 0.86953125 0.0234375 0.0265625
0 0.16953125 0.87734375 0.0296875 0.028125
1 0.78046875 0.0859375 0.05546875 0.046875
1 0.7828125 0.346875 0.04375 0.04453125
1 0.7796875 0.86875 0.03984375 0.046875
3 0.309375 0.084375 0.0421875 0.046875
3 0.3140625 0.35 0.0375 0.053125
3 0.309375 0.6078125 0.0375 0.053125
3 0.3078125 0.87265625 0.0296875 0.046875
4 0.3859375 0.0828125 0.04765625 0.05390625
4 0.3828125 0.3453125 0.03515625 0.05
4 0.38671875 0.609375 0.03828125 0.05
4 0.38359375 0.86484375 0.04296875 0.05859375
5 0.4609375 0.8703125 0.03515625 0.05
16 0.62578125 0.084375 0.0375 0.0390625
16 0.62890625 0.34765625 0.03359375 0.040625
16 0.62734375 0.8703125 0.03828125 0.04453125
23 0.69765625 0.08671875 0.05234375 0.0515625
24 0.5203125 0.08515625 0.03515625 0.04296875
24 0.521875 0.34609375 0.0421875 0.0375
24 0.51953125 0.86875 0.04375 0.05
21 0.91484375 0.0828125 0.04765625 0.0375
22 0.95703125 0.34453125 0.0375 0.04140625
22 0.84375 0.86640625 0.0484375 0.0375
28 0.96796875 0.39140625 0.05625 0.05859375
33 0.84765625 0.91484375 0.05 0.04453125