0 0.06171875 0.034375 0.03984375 0.04921875
0 0.20859375 0.0375 0.02890625 0.03125
0 0.34921875 0.03984375 0.03828125 0.06015625
15 0.19375 0.47734375 0.0625 0.04375
15 0.359375 0.4765625 0.08046875 0.0453125
15 0.52734375 0.475 0.06171875 0.05078125
15 0.70546875 0.47890625 0.08125 0.053125
15 0.18984375 0.73359375 0.06171875 0.0453125
15 0.353125 0.73671875 0.075 0.0453125
15 0.5328125 0.73515625 0.078125 0.05625
15 0.70078125 0.734375 0.06484375 0.04375
15 0.8484375 0.61328125 0.05234375 0.08203125
15 0.84609375 0.81796875 0.04765625 0.0953125
21 0.4546875 0.0828125 0.06328125 0.0515625
21 0.0890625 0.59609375 0.04921875 0.03671875
34 0.45546875 0.1265625 0.03359375 0.0546875
27 0.11015625 0.6453125 0.06015625 0.05078125
25 0.03046875 0.69140625 0.0421875 0.03984375
25 0.03125 0.428125 0.03984375 0.03515625
7 0.0328125 0.596875 0.04765625 0.04921875
8 0.03203125 0.3421875 0.05 0.04921875