0 0.1375 0.2578125 0.03984375 0.03671875
0 0.43359375 0.3640625 0.03984375 0.06484375
0 0.6515625 0.365625 0.0359375 0.0609375
0 0.87578125 0.3625 0.04375 0.08203125
1 0.59609375 0.5296875 0.10703125 0.078125
3 0.1890625 0.43828125 0.0921875 0.078125
4 0.334375 0.43359375 0.0765625 0.08046875
5 0.4875 0.43984375 0.06875 0.075
19 0.72734375 0.52109375 0.11640625 0.09921875
9 0.89765625 0.5265625 0.10234375 0.059375
37 0.31015625 0.73515625 0.08203125 0.0921875
31 0.31328125 0.90078125 0.07421875 0.075