0 0.128125 0.2609375 0.04296875 0.04921875
0 0.42421875 0.3703125 0.04375 0.05390625
0 0.64453125 0.3734375 0.04375 0.06796875
0 0.84921875 0.37421875 0.06015625 0.05546875
3 0.18203125 0.44453125 0.07109375 0.0859375
4 0.328125 0.4453125 0.07265625 0.08203125
5 0.47890625 0.4421875 0.0640625 0.090625
1 0.5875 0.5265625 0.08984375 0.06953125
19 0.721875 0.5265625 0.1203125 0.078125
9 0.88203125 0.53671875 0.10546875 0.071875
37 0.29921875 0.7515625 0.07265625 0.0890625
31 0.30703125 0.9078125 0.0703125 0.0734375