0 0.13125 0.26328125 0.0515625 0.0421875
0 0.4328125 0.3765625 0.040625 0.04375
0 0.6484375 0.37578125 0.04375 0.05078125
0 0.86640625 0.371875 0.0390625 0.06796875
1 0.5953125 0.53203125 0.0953125 0.078125
3 0.18046875 0.446875 0.07890625 0.08203125
4 0.33515625 0.44453125 0.06640625 0.08046875
5 0.48671875 0.4484375 0.06953125 0.0765625
19 0.72265625 0.52578125 0.11328125 0.090625
9 0.8921875 0.53515625 0.103125 0.0609375
37 0.30234375 0.75 0.0828125 0.08359375
31 0.30859375 0.90859375 0.078125 0.09609375