0 0.13828125 0.25546875 0.06875 0.04765625
0 0.4265625 0.3640625 0.05390625 0.05546875
0 0.64453125 0.365625 0.05234375 0.05546875
0 0.85703125 0.36328125 0.05234375 0.05703125
3 0.18515625 0.43046875 0.0828125 0.078125
4 0.32578125 0.43125 0.09140625 0.07421875
5 0.48203125 0.43203125 0.0734375 0.0890625
1 0.59609375 0.5140625 0.0953125 0.07109375
19 0.71953125 0.509375 0.11875 0.090625
9 0.88515625 0.521875 0.0921875 0.05703125
37 0.31015625 0.734375 0.0828125 0.08359375
31 0.30859375 0.8890625 0.0828125 0.08046875