0 0.13125 0.25546875 0.05859375 0.03359375
0 0.421875 0.37109375 0.04765625 0.059375
0 0.63515625 0.36875 0.04140625 0.05234375
0 0.84453125 0.371875 0.0359375 0.05390625
3 0.17890625 0.44453125 0.09609375 0.0875
4 0.3265625 0.43828125 0.08828125 0.07890625
5 0.47421875 0.44140625 0.07734375 0.07890625
1 0.58828125 0.5265625 0.09609375 0.071875
19 0.7078125 0.52890625 0.10703125 0.07578125
9 0.87734375 0.53125 0.1046875 0.06328125
37 0.29765625 0.7359375 0.08984375 0.1015625
31 0.30078125 0.90234375 0.08984375 0.07578125