0 0.12890625 0.259375 0.04609375 0.04609375
0 0.42421875 0.375 0.04453125 0.05703125
0 0.6375 0.3703125 0.06484375 0.0640625
0 0.84765625 0.37265625 0.05703125 0.0671875
3 0.17734375 0.44921875 0.08125 0.07578125
4 0.32578125 0.440625 0.08125 0.0875
5 0.47265625 0.44453125 0.08203125 0.07578125
1 0.58203125 0.53125 0.10234375 0.065625
19 0.71484375 0.53046875 0.1046875 0.084375
9 0.87578125 0.53515625 0.1109375 0.0703125
37 0.29921875 0.75078125 0.09765625 0.09296875
31 0.2984375 0.91796875 0.075 0.07734375