14 0.053125 0.34453125 0.0734375 0.05390625
14 0.27734375 0.3546875 0.08125 0.05234375
14 0.49296875 0.34609375 0.06328125 0.0609375
14 0.70546875 0.3515625 0.103125 0.06328125
14 0.92890625 0.3453125 0.08671875 0.06484375
14 0.08828125 0.71015625 0.08203125 0.071875
14 0.30703125 0.70703125 0.07265625 0.06875
14 0.51171875 0.71171875 0.084375 0.06640625
14 0.74609375 0.709375 0.0765625 0.06171875
14 0.96640625 0.70703125 0.06015625 0.071875
39 0.13984375 0.26875 0.078125 0.075
39 0.38125 0.2625 0.0703125 0.084375
39 0.61484375 0.26640625 0.065625 0.0734375
39 0.85 0.271875 0.06328125 0.075
39 0.1390625 0.625 0.078125 0.0703125
39 0.37578125 0.6234375 0.078125 0.07890625
39 0.6140625 0.6265625 0.07109375 0.08203125
39 0.84921875 0.6265625 0.06484375 0.07578125