13 0.2171875 0.18125 0.0765625 0.05546875
13 0.44375 0.1859375 0.0625 0.05703125
13 0.21796875 0.36015625 0.0546875 0.04296875
13 0.21640625 0.53984375 0.065625 0.0515625
13 0.215625 0.7109375 0.065625 0.03515625
13 0.2171875 0.89609375 0.05625 0.0484375
13 0.4421875 0.89375 0.0578125 0.05234375
13 0.44609375 0.7203125 0.0578125 0.0484375
13 0.44453125 0.53359375 0.07109375 0.05234375
13 0.44609375 0.3546875 0.06796875 0.06171875
36 0.615625 0.178125 0.0515625 0.0484375
36 0.6125 0.35703125 0.04921875 0.0578125
36 0.60859375 0.5375 0.05 0.06484375
36 0.6109375 0.71640625 0.0515625 0.05703125
36 0.61015625 0.8921875 0.046875 0.059375