36 0.578125 0.0953125 0.04296875 0.065625
36 0.5734375 0.296875 0.0578125 0.0625
36 0.58359375 0.5 0.04453125 0.07109375
36 0.578125 0.69609375 0.04296875 0.07734375
36 0.58046875 0.89140625 0.05 0.07109375
13 0.165625 0.10078125 0.0734375 0.0546875
13 0.40078125 0.10234375 0.05859375 0.0625
13 0.39921875 0.2984375 0.08125 0.065625
13 0.16484375 0.309375 0.06328125 0.05703125
13 0.16484375 0.50234375 0.07109375 0.053125
13 0.403125 0.496875 0.0875 0.06171875
13 0.40546875 0.6921875 0.0640625 0.0875
13 0.3953125 0.90234375 0.08359375 0.05703125
13 0.1625 0.89921875 0.0578125 0.0421875
13 0.1625 0.69765625 0.0671875 0.0515625