13 0.1625 0.08359375 0.0734375 0.059375
13 0.40703125 0.0890625 0.07890625 0.07578125
13 0.1640625 0.28125 0.07421875 0.06640625
13 0.39140625 0.28203125 0.0796875 0.07890625
13 0.16328125 0.4890625 0.08125 0.06171875
13 0.39921875 0.484375 0.0671875 0.06875
13 0.4 0.6875 0.065625 0.06796875
13 0.17265625 0.6859375 0.078125 0.05234375
13 0.1671875 0.884375 0.05078125 0.05546875
13 0.4 0.8921875 0.0484375 0.05390625
36 0.58046875 0.084375 0.0578125 0.06875
36 0.575 0.28125 0.05625 0.06875
36 0.57734375 0.484375 0.05234375 0.10234375
36 0.5734375 0.6875 0.05078125 0.06171875
36 0.57734375 0.8859375 0.05 0.071875