0 0.175 0.10234375 0.04296875 0.034375
0 0.46484375 0.0375 0.025 0.034375
0 0.6140625 0.0375 0.0328125 0.04296875
0 0.76015625 0.0375 0.03203125 0.040625
0 0.178125 0.28203125 0.0265625 0.0375
0 0.50546875 0.28515625 0.034375 0.02734375
0 0.6515625 0.28828125 0.02421875 0.0421875
0 0.65234375 0.53203125 0.02890625 0.04296875
0 0.50390625 0.5375 0.03515625 0.04296875
0 0.503125 0.77421875 0.0390625 0.04296875
0 0.65625 0.7828125 0.02890625 0.03046875
0 0.1765625 0.4421875 0.03671875 0.02890625
0 0.2015625 0.46953125 0.03203125 0.02578125
0 0.175 0.6171875 0.034375 0.02578125
0 0.20234375 0.6421875 0.03515625 0.02734375
0 0.18046875 0.7875 0.034375 0.02578125
0 0.20859375 0.8140625 0.04453125 0.03046875
0 0.18046875 0.95859375 0.03203125 0.03046875
0 0.2046875 0.9765625 0.03515625 0.02578125
3 0.3203125 0.08984375 0.03046875 0.040625
3 0.321875 0.3375 0.0390625 0.04765625
3 0.328125 0.58125 0.046875 0.0609375
3 0.325 0.825 0.03515625 0.04921875
4 0.39296875 0.08828125 0.0390625 0.05234375
4 0.3984375 0.33515625 0.034375 0.040625
4 0.3984375 0.58125 0.03828125 0.0546875
4 0.40078125 0.83203125 0.03671875 0.040625
5 0.471875 0.0921875 0.04453125 0.05234375
5 0.47265625 0.58359375 0.04140625 0.0546875
5 0.475 0.83203125 0.03828125 0.0390625
16 0.6453125 0.34140625 0.04140625 0.04296875
16 0.6421875 0.58359375 0.04453125 0.040625
16 0.6453125 0.83046875 0.034375 0.0421875
1 0.80078125 0.08984375 0.03671875 0.0375
1 0.79453125 0.33125 0.06484375 0.04609375
1 0.7984375 0.58125 0.0546875 0.04921875
1 0.8 0.83125 0.0609375 0.05234375
24 0.53984375 0.08671875 0.046875 0.04921875
24 0.5390625 0.33359375 0.040625 0.04609375
24 0.53671875 0.58359375 0.03828125 0.04609375
24 0.53515625 0.83046875 0.04296875 0.04765625
21 0.86484375 0.0859375 0.04921875 0.0359375
33 0.86484375 0.1265625 0.04140625 0.03046875