0 0.1984375 0.2453125 0.034375 0.03046875
0 0.55703125 0.0453125 0.02890625 0.04140625
0 0.71796875 0.04453125 0.02578125 0.034375
0 0.8796875 0.04453125 0.0296875 0.04609375
0 0.828125 0.2875 0.0328125 0.0390625
0 0.6671875 0.29140625 0.03984375 0.04296875
0 0.5078125 0.2890625 0.0453125 0.04140625
0 0.2 0.41875 0.03671875 0.03046875
0 0.1984375 0.5890625 0.0328125 0.034375
0 0.20078125 0.76015625 0.03515625 0.03046875
0 0.20078125 0.93046875 0.04609375 0.0328125
0 0.51875 0.78203125 0.0328125 0.0375
0 0.6765625 0.7828125 0.034375 0.04453125
0 0.84140625 0.78203125 0.02734375 0.04140625
0 0.87734375 0.5375 0.021875 0.03203125
0 0.71484375 0.53828125 0.02734375 0.04140625
0 0.55234375 0.53515625 0.0234375 0.0390625
3 0.353125 0.09296875 0.0453125 0.04453125
3 0.35234375 0.340625 0.040625 0.04453125
3 0.35390625 0.5875 0.04375 0.04453125
3 0.35546875 0.834375 0.040625 0.04609375
4 0.434375 0.096875 0.03828125 0.0515625
4 0.434375 0.340625 0.040625 0.04765625
4 0.434375 0.58671875 0.040625 0.04921875
4 0.43359375 0.83125 0.0421875 0.040625
5 0.51484375 0.33984375 0.03828125 0.04921875
16 0.696875 0.5828125 0.040625 0.04765625
16 0.6859375 0.8359375 0.040625 0.04921875
1 0.86796875 0.34375 0.05859375 0.0390625
1 0.8703125 0.83125 0.04609375 0.040625
1 0.8671875 0.5875 0.04921875 0.04765625
24 0.58515625 0.340625 0.03984375 0.04765625
24 0.58515625 0.5875 0.034375 0.05078125
24 0.58828125 0.8359375 0.03984375 0.04296875
23 0.7796875 0.58671875 0.05078125 0.040625
21 0.9375 0.340625 0.05078125 0.0390625
33 0.9375 0.3828125 0.04921875 0.0390625