30 0.528125 0.21953125 0.06015625 0.03984375
21 0.18125 0.096875 0.046875 0.03359375
40 0.28515625 0.1296875 0.03125 0.0328125
32 0.321875 0.12421875 0.0359375 0.02890625
22 0.35859375 0.09296875 0.02890625 0.03359375
22 0.4 0.0953125 0.028125 0.02890625
21 0.03046875 0.59296875 0.03671875 0.0265625
21 0.171875 0.5921875 0.046875 0.0375
7 0.11953125 0.59140625 0.04453125 0.0484375
8 0.11953125 0.84375 0.04453125 0.046875
22 0.06796875 0.84140625 0.03515625 0.03359375
25 0.12109375 0.68125 0.04375 0.03828125
27 0.19140625 0.6359375 0.0546875 0.0421875
28 0.08203125 0.88359375 0.04921875 0.03984375
25 0.121875 0.93046875 0.04453125 0.03046875
0 0.021875 0.79375 0.025 0.04140625
0 0.04765625 0.540625 0.03046875 0.0421875
0 0.053125 0.053125 0.03046875 0.03828125
15 0.2671875 0.7265625 0.05078125 0.0515625
15 0.415625 0.7265625 0.06640625 0.0421875
15 0.56328125 0.72265625 0.071875 0.0546875
15 0.7203125 0.7234375 0.07421875 0.04609375
15 0.2609375 0.97421875 0.0703125 0.04921875
15 0.41875 0.9765625 0.05546875 0.04453125
15 0.56953125 0.9703125 0.0640625 0.04921875
15 0.72421875 0.96953125 0.05859375 0.046875
15 0.859375 0.8671875 0.04453125 0.0796875