0 0.49765625 0.04921875 0.0421875 0.0421875
0 0.65 0.046875 0.028125 0.04453125
0 0.65 0.32421875 0.03046875 0.04453125
0 0.4984375 0.32109375 0.028125 0.04453125
0 0.909375 0.60390625 0.02421875 0.04765625
0 0.7609375 0.60546875 0.02890625 0.0390625
0 0.6140625 0.6015625 0.02890625 0.0390625
0 0.4609375 0.60078125 0.03203125 0.0375
0 0.17578125 0.73671875 0.02734375 0.03125
0 0.19921875 0.76328125 0.03046875 0.02578125
0 0.17578125 0.54453125 0.03125 0.03359375
0 0.19765625 0.57109375 0.02890625 0.0328125
0 0.1734375 0.35078125 0.02734375 0.028125
0 0.196875 0.37890625 0.03125 0.0328125
0 0.175 0.1609375 0.03359375 0.0328125
0 0.2015625 0.18671875 0.034375 0.0328125
2 0.29375 0.76328125 0.0375 0.03515625
1 0.7953125 0.65859375 0.04296875 0.03515625
1 0.790625 0.378125 0.04296875 0.0390625
1 0.79296875 0.103125 0.06171875 0.04453125
21 0.928125 0.66328125 0.04375 0.03671875
23 0.70703125 0.66171875 0.0453125 0.0484375
3 0.3171875 0.1015625 0.04296875 0.0515625
3 0.3203125 0.38046875 0.0390625 0.04453125
3 0.31953125 0.6578125 0.03671875 0.0484375
4 0.39140625 0.10546875 0.03984375 0.040625
4 0.3953125 0.38203125 0.03515625 0.04765625
4 0.39140625 0.66015625 0.040625 0.0484375
5 0.4671875 0.103125 0.03515625 0.04609375
5 0.465625 0.38046875 0.03359375 0.04765625
16 0.6375 0.103125 0.03671875 0.0390625
16 0.6390625 0.384375 0.03984375 0.0515625
16 0.6328125 0.6625 0.0375 0.04609375
24 0.53203125 0.103125 0.040625 0.0421875
24 0.53046875 0.38203125 0.03125 0.053125
24 0.53046875 0.6609375 0.04296875 0.053125