0 0.40546875 0.0390625 0.03359375 0.03984375
0 0.565625 0.03984375 0.03046875 0.02734375
0 0.72734375 0.04140625 0.03125 0.0328125
0 0.89375 0.03984375 0.03125 0.0359375
0 0.72265625 0.3 0.025 0.0359375
0 0.55859375 0.2984375 0.0328125 0.03671875
0 0.39609375 0.29921875 0.02734375 0.034375
0 0.896875 0.55859375 0.03515625 0.04765625
0 0.73828125 0.55703125 0.03046875 0.0359375
0 0.57421875 0.55625 0.03359375 0.0421875
0 0.40546875 0.55859375 0.03671875 0.03671875
0 0.89921875 0.81796875 0.03515625 0.0421875
0 0.734375 0.81484375 0.0375 0.0421875
0 0.5734375 0.8171875 0.0375 0.04140625
0 0.4109375 0.81640625 0.03046875 0.03671875
0 0.059375 0.12734375 0.02890625 0.0328125
0 0.08671875 0.1609375 0.040625 0.03671875
0 0.0609375 0.30625 0.02890625 0.02890625
0 0.08125 0.34140625 0.03671875 0.04140625
0 0.05859375 0.48359375 0.04140625 0.03671875
0 0.10859375 0.49140625 0.03671875 0.02890625
0 0.0859375 0.51796875 0.03359375 0.0359375
0 0.10546875 0.671875 0.0375 0.0328125
0 0.059375 0.66484375 0.0328125 0.0359375
0 0.08359375 0.6953125 0.03125 0.025
0 0.059375 0.84296875 0.03359375 0.021875
0 0.11171875 0.8484375 0.03046875 0.0359375
0 0.08359375 0.87109375 0.03359375 0.034375
1 0.76171875 0.09375 0.05546875 0.03984375
1 0.759375 0.34921875 0.04765625 0.03984375
3 0.2359375 0.0921875 0.04921875 0.0453125
3 0.23984375 0.3515625 0.04140625 0.0453125
3 0.23984375 0.60546875 0.046875 0.04765625
3 0.23984375 0.86796875 0.0375 0.04375
4 0.321875 0.08984375 0.04296875 0.04765625
4 0.3203125 0.35 0.040625 0.04765625
4 0.321875 0.6078125 0.0328125 0.0578125
4 0.321875 0.8703125 0.04765625 0.046875
5 0.40390625 0.35234375 0.04140625 0.05234375
16 0.5921875 0.0953125 0.040625 0.0453125
16 0.5734375 0.35 0.053125 0.04921875
24 0.4734375 0.09140625 0.0390625 0.034375
24 0.47265625 0.34921875 0.04296875 0.0421875
21 0.8359375 0.35078125 0.06015625 0.03046875
33 0.83203125 0.3953125 0.04765625 0.03984375
22 0.9578125 0.6078125 0.05390625 0.04765625
22 0.95859375 0.86328125 0.04921875 0.03671875
28 0.97109375 0.65546875 0.0578125 0.0359375
28 0.97109375 0.91015625 0.0578125 0.0484375