0 0.08671875 0.53671875 0.040625 0.0484375
0 0.2375 0.53828125 0.0359375 0.0484375
0 0.38203125 0.534375 0.03671875 0.05859375
15 0.1828125 0.209375 0.09140625 0.05
15 0.3578125 0.19921875 0.071875 0.04375
15 0.52890625 0.20625 0.071875 0.040625
15 0.69765625 0.2015625 0.071875 0.0484375
15 0.846875 0.07421875 0.05703125 0.06875
15 0.8515625 0.284375 0.05546875 0.090625
15 0.184375 0.46328125 0.0703125 0.05703125
15 0.35703125 0.46875 0.075 0.040625
15 0.525 0.47109375 0.09375 0.0453125
15 0.6953125 0.46796875 0.071875 0.0515625
15 0.8484375 0.4796875 0.03671875 0.06875
15 0.846875 0.68046875 0.0484375 0.08515625
15 0.84921875 0.88671875 0.0453125 0.0984375
8 0.03046875 0.08125 0.05078125 0.0484375
25 0.03203125 0.16953125 0.0515625 0.03203125
26 0.51796875 0.58515625 0.04921875 0.03359375
25 0.03046875 0.42421875 0.0578125 0.03984375
7 0.03046875 0.334375 0.04921875 0.0453125
21 0.0890625 0.33515625 0.05078125 0.03203125
27 0.10859375 0.38046875 0.06171875 0.046875