0 0.0796875 0.03671875 0.0328125 0.0359375
0 0.2234375 0.03515625 0.021875 0.03515625
0 0.37421875 0.03671875 0.0234375 0.0390625
0 0.515625 0.03359375 0.03046875 0.03203125
0 0.13828125 0.28671875 0.0265625 0.0390625
0 0.28046875 0.28046875 0.0328125 0.0421875
0 0.4265625 0.28046875 0.028125 0.05390625
0 0.13828125 0.5359375 0.0328125 0.0359375
0 0.28359375 0.5296875 0.04140625 0.040625
0 0.42109375 0.53359375 0.034375 0.04765625
15 0.24375 0.94375 0.0765625 0.03359375
15 0.4046875 0.93984375 0.07421875 0.0625
15 0.57109375 0.94140625 0.071875 0.05390625
15 0.7390625 0.9421875 0.08515625 0.05546875
26 0.5625 0.33125 0.04765625 0.0375
26 0.55859375 0.58515625 0.05234375 0.03203125
22 0.021875 0.83046875 0.034375 0.02890625
28 0.04140625 0.871875 0.0609375 0.0390625
8 0.0796875 0.82890625 0.04609375 0.0375
25 0.08046875 0.91875 0.04921875 0.02890625
40 0.2609375 0.1125 0.028125 0.03359375
32 0.3 0.1140625 0.04140625 0.03359375
21 0.5 0.08203125 0.05234375 0.03046875
21 0.5875 0.08125 0.05859375 0.0375
34 0.5015625 0.1234375 0.01953125 0.04375