0 0.15234375 0.025 0.03828125 0.03046875
0 0.196875 0.02890625 0.03828125 0.0265625
0 0.17734375 0.05703125 0.0421875 0.025
0 0.1546875 0.2046875 0.0328125 0.03359375
0 0.2 0.209375 0.028125 0.0234375
0 0.1765625 0.23828125 0.03515625 0.028125
0 0.1546875 0.3859375 0.02890625 0.02890625
0 0.1984375 0.38984375 0.028125 0.03046875
0 0.17734375 0.41796875 0.03359375 0.02890625
0 0.1546875 0.56953125 0.03046875 0.03046875
0 0.196875 0.57109375 0.03125 0.03046875
0 0.178125 0.60078125 0.02890625 0.0265625
0 0.15390625 0.75 0.03125 0.0265625
0 0.196875 0.7515625 0.03125 0.02265625
0 0.178125 0.78046875 0.03359375 0.0265625
0 0.5078125 0.07890625 0.021875 0.03203125
0 0.65703125 0.0796875 0.028125 0.040625
0 0.8078125 0.08046875 0.03359375 0.04453125
0 0.96171875 0.07890625 0.0328125 0.0484375
0 0.50546875 0.340625 0.03125 0.04609375
0 0.6578125 0.34140625 0.02890625 0.05
0 0.47109375 0.59296875 0.02890625 0.0609375
0 0.61640625 0.603125 0.03984375 0.04140625
0 0.77265625 0.60078125 0.02890625 0.0515625
0 0.921875 0.603125 0.0328125 0.04296875
1 0.79921875 0.38984375 0.05234375 0.053125
1 0.803125 0.66015625 0.04375 0.0359375
2 0.29453125 0.75703125 0.03828125 0.02890625
3 0.3203125 0.1265625 0.03984375 0.0671875
3 0.321875 0.396875 0.03359375 0.05
3 0.3234375 0.65703125 0.03828125 0.04765625
4 0.3984375 0.65703125 0.03984375 0.05
4 0.3984375 0.39296875 0.03515625 0.05
4 0.39453125 0.13359375 0.04765625 0.053125
5 0.47265625 0.396875 0.0375 0.0390625
16 0.6453125 0.39453125 0.0375 0.04296875
16 0.64453125 0.65546875 0.03984375 0.04765625
24 0.53984375 0.39375 0.0328125 0.04765625
24 0.53828125 0.65703125 0.0359375 0.05
23 0.71796875 0.653125 0.04765625 0.04140625
21 0.9390625 0.6578125 0.0484375 0.0375