0 0.06484375 0.628125 0.02890625 0.04296875
0 0.20546875 0.62578125 0.0203125 0.04296875
0 0.34453125 0.62890625 0.03671875 0.04140625
7 0.0359375 0.14140625 0.0453125 0.04453125
21 0.090625 0.14140625 0.0453125 0.034375
27 0.10859375 0.1890625 0.05546875 0.04296875
25 0.034375 0.234375 0.05390625 0.0328125
21 0.446875 0.68046875 0.05078125 0.0359375
34 0.44609375 0.73046875 0.021875 0.0546875
15 0.18828125 0.28515625 0.05078125 0.0375
15 0.3578125 0.2890625 0.0671875 0.03984375
15 0.51640625 0.284375 0.07265625 0.04140625
15 0.6890625 0.28671875 0.05859375 0.05
15 0.8265625 0.15546875 0.04453125 0.0703125
15 0.82578125 0.3796875 0.03046875 0.06328125
15 0.828125 0.59609375 0.0453125 0.1046875
15 0.82734375 0.815625 0.03828125 0.0640625
17 0.9484375 0.69921875 0.03828125 0.05546875