0 0.459375 0.0375 0.02734375 0.03671875
0 0.178125 0.0625 0.03671875 0.0234375
0 0.17578125 0.2328125 0.04765625 0.0328125
0 0.17109375 0.41015625 0.04140625 0.0359375
0 0.178125 0.590625 0.03046875 0.053125
0 0.2015625 0.74453125 0.03046875 0.0359375
0 0.1703125 0.7734375 0.0328125 0.0328125
0 0.2 0.921875 0.0328125 0.02578125
0 0.17421875 0.95078125 0.03203125 0.034375
0 0.609375 0.0421875 0.02890625 0.03671875
0 0.75859375 0.0359375 0.0296875 0.03828125
0 0.75703125 0.2953125 0.02890625 0.04765625
0 0.6015625 0.296875 0.03984375 0.03671875
0 0.46484375 0.3015625 0.03046875 0.04921875
0 0.4328125 0.55 0.02421875 0.04375
0 0.5828125 0.55703125 0.02265625 0.03046875
0 0.734375 0.55234375 0.025 0.03828125
0 0.8796875 0.5546875 0.03203125 0.0421875
0 0.88515625 0.8140625 0.03203125 0.0453125
0 0.73046875 0.8125 0.0328125 0.0453125
0 0.584375 0.809375 0.034375 0.0453125
0 0.43203125 0.809375 0.03203125 0.0421875
1 0.79140625 0.0875 0.0453125 0.03828125
1 0.7921875 0.34609375 0.04921875 0.04765625
1 0.79296875 0.60546875 0.0453125 0.0421875
1 0.79140625 0.865625 0.0453125 0.0453125
3 0.31953125 0.08671875 0.04140625 0.04140625
3 0.31953125 0.3453125 0.0390625 0.04375
3 0.31796875 0.60390625 0.0328125 0.053125
3 0.3203125 0.8625 0.0375 0.04375
4 0.39375 0.0859375 0.03671875 0.03984375
4 0.39375 0.346875 0.03671875 0.04375
4 0.3921875 0.603125 0.034375 0.046875
4 0.38984375 0.8625 0.0328125 0.0546875
5 0.46796875 0.0859375 0.03671875 0.0421875
5 0.46796875 0.34921875 0.0375 0.0421875
5 0.4671875 0.86484375 0.03515625 0.05078125
16 0.63671875 0.08671875 0.0390625 0.04140625
16 0.62265625 0.35078125 0.05 0.05234375
16 0.63515625 0.60703125 0.04296875 0.05078125
16 0.640625 0.86484375 0.04453125 0.04921875
24 0.52890625 0.08828125 0.03515625 0.04765625
24 0.52890625 0.3453125 0.03515625 0.04140625
24 0.53125 0.6015625 0.0375 0.04140625
24 0.52734375 0.8625 0.04140625 0.0578125
23 0.709375 0.6046875 0.05 0.046875
21 0.85625 0.86484375 0.0453125 0.04140625
21 0.85625 0.08828125 0.0515625 0.03984375
33 0.85390625 0.13203125 0.046875 0.034375
33 0.85625 0.3890625 0.04140625 0.04375
21 0.8546875 0.3453125 0.0546875 0.04140625
21 0.9265625 0.60703125 0.0421875 0.03125
33 0.85703125 0.9109375 0.0375 0.0421875