0 0.075 0.0359375 0.0328125 0.0421875
0 0.22578125 0.03125 0.02421875 0.0390625
0 0.371875 0.03203125 0.03203125 0.046875
26 0.5140625 0.08203125 0.04453125 0.03671875
30 0.471875 0.45390625 0.0671875 0.05390625
0 0.04453125 0.5328125 0.0359375 0.04765625
0 0.19453125 0.5328125 0.03046875 0.05078125
0 0.346875 0.534375 0.028125 0.0453125
21 0.08046875 0.3328125 0.05234375 0.03203125
21 0.44921875 0.58203125 0.046875 0.03359375
22 0.2875 0.33203125 0.0390625 0.03359375
22 0.33359375 0.3328125 0.03671875 0.03515625
40 0.19921875 0.36328125 0.03828125 0.03515625
32 0.24140625 0.3609375 0.040625 0.03046875
34 0.4515625 0.62421875 0.0265625 0.0453125