0 0.2015625 0.53203125 0.028125 0.04375
0 0.34296875 0.5328125 0.0328125 0.0390625
0 0.05703125 0.77734375 0.03125 0.04921875
0 0.2015625 0.78125 0.0359375 0.03359375
0 0.34296875 0.78203125 0.0375 0.04375
15 0.21640625 0.7140625 0.07265625 0.0421875
15 0.38203125 0.7140625 0.06015625 0.05078125
15 0.54140625 0.7109375 0.08125 0.05546875
15 0.721875 0.70859375 0.084375 0.0625
15 0.859375 0.875 0.05546875 0.08984375
21 0.11328125 0.57890625 0.04921875 0.03671875
21 0.41171875 0.575 0.059375 0.03046875
21 0.4171875 0.82890625 0.0625 0.03359375
38 0.415625 0.61953125 0.04921875 0.03515625
38 0.41640625 0.86171875 0.04453125 0.03203125
7 0.05546875 0.5828125 0.05546875 0.040625
27 0.134375 0.63046875 0.065625 0.05078125
25 0.05625 0.6671875 0.04921875 0.03203125
0 0.053125 0.5265625 0.03359375 0.0453125