0 0.45546875 0.040625 0.025 0.03671875
0 0.59921875 0.03671875 0.0234375 0.03046875
0 0.7484375 0.040625 0.0359375 0.04765625
0 0.19921875 0.0671875 0.0296875 0.028125
0 0.171875 0.0953125 0.0375 0.03359375
0 0.19375 0.225 0.03359375 0.03671875
0 0.17578125 0.25703125 0.02734375 0.03046875
0 0.46484375 0.2796875 0.0375 0.028125
0 0.6125 0.27890625 0.02734375 0.040625
0 0.7578125 0.27578125 0.0375 0.04453125
0 0.90859375 0.2828125 0.0359375 0.0390625
0 0.1984375 0.38984375 0.02265625 0.04296875
0 0.171875 0.4203125 0.03515625 0.03515625
0 0.4921875 0.5171875 0.03203125 0.04765625
0 0.64296875 0.51640625 0.04375 0.04765625
0 0.79453125 0.5171875 0.03203125 0.03671875
0 0.93359375 0.52421875 0.03515625 0.06171875
0 0.9078125 0.7578125 0.0375 0.04765625
0 0.753125 0.7578125 0.02734375 0.03671875
0 0.6078125 0.75703125 0.0265625 0.03359375
0 0.46171875 0.75703125 0.03515625 0.04609375
0 0.1984375 0.5625 0.03515625 0.028125
0 0.171875 0.5890625 0.03203125 0.03359375
0 0.1953125 0.728125 0.0265625 0.040625
0 0.171875 0.75703125 0.03515625 0.0296875
0 0.1953125 0.89453125 0.02890625 0.0234375
0 0.17109375 0.91640625 0.03125 0.0375
1 0.7875 0.084375 0.04609375 0.040625
1 0.79140625 0.32890625 0.03984375 0.04453125
1 0.78203125 0.565625 0.04375 0.04296875
1 0.78203125 0.8078125 0.03984375 0.040625
2 0.28984375 0.9 0.04375 0.03515625
3 0.31484375 0.08671875 0.03828125 0.0421875
3 0.315625 0.32421875 0.0375 0.0421875
3 0.31640625 0.56328125 0.03828125 0.04609375
3 0.3140625 0.80625 0.03203125 0.04609375
4 0.3875 0.084375 0.03515625 0.04609375
4 0.390625 0.32578125 0.03515625 0.0421875
4 0.38828125 0.56875 0.03828125 0.04296875
4 0.38984375 0.80625 0.0359375 0.04296875
5 0.465625 0.08203125 0.03359375 0.04921875
5 0.46171875 0.56328125 0.0359375 0.04453125
16 0.63125 0.0859375 0.0359375 0.040625
16 0.634375 0.325 0.03359375 0.04296875
16 0.63125 0.56640625 0.0375 0.04453125
16 0.63125 0.80546875 0.0375 0.0390625
23 0.70625 0.80546875 0.04609375 0.04765625
24 0.5265625 0.08828125 0.0375 0.0421875
24 0.5296875 0.325 0.0375 0.040625
24 0.5296875 0.56328125 0.0359375 0.05859375
24 0.5265625 0.80703125 0.0375 0.04765625
21 0.85625 0.084375 0.0546875 0.0375
21 0.8453125 0.56328125 0.0546875 0.03359375
21 0.92421875 0.8078125 0.03515625 0.0234375
33 0.85546875 0.12578125 0.03984375 0.04453125
33 0.8484375 0.60390625 0.04140625 0.03359375
22 0.96171875 0.32578125 0.04140625 0.03671875
28 0.97265625 0.3671875 0.0546875 0.04375