0 0.48046875 0.0390625 0.03125 0.03828125
0 0.63671875 0.0453125 0.02890625 0.040625
0 0.78671875 0.0421875 0.0359375 0.04453125
0 0.17890625 0.15625 0.028125 0.01875
0 0.209375 0.18359375 0.03671875 0.03125
0 0.18125 0.35390625 0.03046875 0.0296875
0 0.20546875 0.38125 0.0234375 0.03359375
0 0.48984375 0.32890625 0.02734375 0.0390625
0 0.6484375 0.3265625 0.028125 0.04453125
0 0.8015625 0.32890625 0.03203125 0.03671875
0 0.96015625 0.328125 0.03046875 0.040625
0 0.95390625 0.6125 0.02578125 0.05
0 0.79765625 0.6109375 0.03203125 0.04453125
0 0.64140625 0.61484375 0.02734375 0.046875
0 0.4859375 0.615625 0.02890625 0.04453125
0 0.18203125 0.55234375 0.02890625 0.034375
0 0.20703125 0.57890625 0.0375 0.03671875
0 0.18125 0.75234375 0.03359375 0.03125
0 0.20390625 0.7765625 0.03359375 0.03125
2 0.30546875 0.784375 0.03828125 0.03671875
1 0.82734375 0.096875 0.046875 0.040625
1 0.82890625 0.6703125 0.05546875 0.04296875
3 0.33203125 0.096875 0.03671875 0.0453125
3 0.3328125 0.384375 0.03671875 0.05
3 0.33359375 0.6703125 0.03125 0.0421875
4 0.40703125 0.1 0.03828125 0.05390625
4 0.409375 0.38515625 0.0375 0.04453125
4 0.41015625 0.671875 0.04296875 0.05390625
5 0.4890625 0.0984375 0.03671875 0.046875
16 0.6671875 0.10390625 0.04296875 0.05234375
16 0.66328125 0.67421875 0.03359375 0.04453125
24 0.55703125 0.09765625 0.0359375 0.04296875
24 0.55625 0.67109375 0.03359375 0.0453125
23 0.74140625 0.6734375 0.046875 0.04296875
21 0.89765625 0.0984375 0.05234375 0.04453125
21 0.96953125 0.67109375 0.0421875 0.03125
33 0.8953125 0.14609375 0.03984375 0.03671875