0 0.059375 0.2890625 0.028125 0.040625
0 0.20625 0.28828125 0.02109375 0.0359375
0 0.3515625 0.28671875 0.021875 0.03359375
15 0.18515625 0.475 0.06796875 0.0453125
15 0.35859375 0.475 0.06796875 0.0453125
15 0.52734375 0.46875 0.059375 0.04609375
15 0.696875 0.47109375 0.06015625 0.0453125
15 0.19140625 0.7 0.0703125 0.0453125
15 0.35546875 0.6984375 0.0765625 0.04375
15 0.52734375 0.69765625 0.075 0.04765625
15 0.6921875 0.69609375 0.08359375 0.05078125
15 0.8453125 0.8703125 0.04921875 0.0828125
15 0.846875 0.6703125 0.0453125 0.078125
15 0.84453125 0.47578125 0.04296875 0.07578125
15 0.85078125 0.27265625 0.046875 0.07578125
15 0.84609375 0.06796875 0.0421875 0.06953125
7 0.03359375 0.33828125 0.04765625 0.04375
21 0.09296875 0.3421875 0.05546875 0.02890625
21 0.45546875 0.33828125 0.04765625 0.02890625
34 0.4578125 0.37734375 0.021875 0.040625
27 0.109375 0.3828125 0.059375 0.0359375
25 0.0328125 0.4265625 0.0453125 0.0375
25 0.03359375 0.67578125 0.04453125 0.03359375
8 0.03203125 0.5859375 0.04453125 0.0359375