0 0.4953125 0.0390625 0.02265625 0.03203125
0 0.6421875 0.040625 0.02734375 0.0375
0 0.79140625 0.04375 0.0296875 0.034375
0 0.9390625 0.040625 0.02734375 0.040625
0 0.1765625 0.24609375 0.03125 0.02578125
0 0.5046875 0.2890625 0.02265625 0.0390625
0 0.65390625 0.2890625 0.02109375 0.0390625
0 0.79921875 0.28828125 0.0296875 0.04609375
0 0.94921875 0.28828125 0.03359375 0.04375
0 0.17734375 0.41640625 0.03125 0.034375
0 0.1796875 0.58984375 0.0296875 0.03359375
0 0.175 0.7578125 0.03828125 0.03359375
0 0.1765625 0.92890625 0.02890625 0.040625
0 0.5015625 0.540625 0.03515625 0.0421875
0 0.65 0.53515625 0.02890625 0.03203125
0 0.79609375 0.5375 0.0234375 0.0359375
0 0.94140625 0.53203125 0.02734375 0.0390625
0 0.7546875 0.78046875 0.02734375 0.0390625
0 0.60546875 0.78203125 0.02890625 0.03046875
0 0.45859375 0.77734375 0.03125 0.034375
1 0.78828125 0.5875 0.0421875 0.034375
1 0.79140625 0.83203125 0.03828125 0.040625
21 0.85390625 0.83359375 0.05234375 0.034375
33 0.85390625 0.878125 0.0375 0.034375
3 0.31796875 0.090625 0.03984375 0.0421875
3 0.31953125 0.33828125 0.0359375 0.0421875
3 0.32109375 0.5859375 0.04140625 0.0375
3 0.32109375 0.8328125 0.03125 0.0421875
4 0.39375 0.33828125 0.03828125 0.04921875
4 0.3921875 0.5875 0.03359375 0.040625
4 0.39296875 0.8328125 0.03203125 0.0421875
5 0.46640625 0.83359375 0.03984375 0.040625
16 0.634375 0.8359375 0.03359375 0.0390625
16 0.63359375 0.58515625 0.0375 0.0421875
24 0.52890625 0.5859375 0.0421875 0.05234375
24 0.53203125 0.8359375 0.03984375 0.04765625