30 0.48671875 0.46015625 0.06015625 0.04921875
0 0.1 0.03828125 0.0421875 0.0390625
0 0.24609375 0.0375 0.034375 0.0375
0 0.3921875 0.03671875 0.0390625 0.0359375
26 0.52421875 0.08515625 0.04296875 0.0390625
15 0.203125 0.71953125 0.06875 0.04609375
15 0.3734375 0.709375 0.0921875 0.06640625
15 0.54609375 0.721875 0.0640625 0.0390625
15 0.715625 0.709375 0.06796875 0.0625
15 0.859375 0.86484375 0.0359375 0.07578125
21 0.1078125 0.33125 0.053125 0.03515625
22 0.30625 0.3328125 0.0421875 0.0390625
22 0.3515625 0.33203125 0.0421875 0.0375
40 0.225 0.36484375 0.034375 0.0359375
32 0.26171875 0.3640625 0.034375 0.03515625
21 0.1015625 0.58515625 0.05078125 0.03515625
7 0.0421875 0.58203125 0.04921875 0.0375
25 0.04140625 0.66875 0.05078125 0.03203125
27 0.11875 0.625 0.0625 0.0421875