0 0.1078125 0.52109375 0.02890625 0.05234375
0 0.24140625 0.52265625 0.0375 0.03515625
0 0.3765625 0.521875 0.0359375 0.0484375
15 0.22421875 0.44140625 0.0578125 0.0484375
15 0.38828125 0.44296875 0.0765625 0.0453125
15 0.54375 0.44296875 0.078125 0.05234375
15 0.703125 0.4359375 0.0640625 0.05625
15 0.8484375 0.078125 0.03828125 0.06953125
15 0.84609375 0.2671875 0.040625 0.0765625
15 0.846875 0.4734375 0.0421875 0.06953125
15 0.84921875 0.6671875 0.03828125 0.06328125
17 0.96875 0.5890625 0.0375 0.05234375
22 0.0203125 0.32578125 0.03359375 0.03828125
8 0.0765625 0.33046875 0.0484375 0.04140625
25 0.07578125 0.41484375 0.04609375 0.0328125
28 0.03515625 0.371875 0.059375 0.0421875
21 0.478125 0.56953125 0.04375 0.0296875
34 0.47734375 0.6109375 0.02578125 0.0453125