0 0.496875 0.06796875 0.025 0.04453125
0 0.64921875 0.071875 0.028125 0.0375
0 0.79765625 0.34609375 0.028125 0.0609375
0 0.94140625 0.34921875 0.03046875 0.04453125
0 0.64609375 0.34375 0.04140625 0.04765625
0 0.50234375 0.34921875 0.0375 0.05234375
0 0.1984375 0.11953125 0.03515625 0.02578125
0 0.17421875 0.14609375 0.03359375 0.0296875
0 0.19765625 0.3109375 0.03046875 0.03671875
0 0.17578125 0.3359375 0.02734375 0.03359375
0 0.1984375 0.50546875 0.02734375 0.02734375
0 0.171875 0.52578125 0.03046875 0.03359375
2 0.2875 0.51015625 0.03359375 0.04296875
1 0.78984375 0.12578125 0.040625 0.040625
3 0.31796875 0.1234375 0.03828125 0.05
3 0.31796875 0.40078125 0.034375 0.04453125
4 0.390625 0.1265625 0.0375 0.05234375
4 0.38984375 0.4046875 0.04140625 0.05
5 0.46640625 0.1234375 0.04375 0.0609375
5 0.4640625 0.40390625 0.034375 0.05390625
16 0.63515625 0.12578125 0.03828125 0.04296875
16 0.63515625 0.40703125 0.046875 0.04765625
24 0.53046875 0.12578125 0.04140625 0.04609375
21 0.92421875 0.40625 0.04765625 0.0375