0 0.4984375 0.04453125 0.02265625 0.040625
0 0.64609375 0.03984375 0.02578125 0.0359375
0 0.79453125 0.0421875 0.02734375 0.0375
0 0.934375 0.04609375 0.03828125 0.04609375
0 0.9078125 0.28984375 0.02265625 0.0421875
0 0.759375 0.2921875 0.03125 0.04296875
0 0.6125 0.29375 0.03125 0.0421875
0 0.46328125 0.2890625 0.0359375 0.05234375
0 0.171875 0.21484375 0.046875 0.0390625
0 0.17109375 0.375 0.04140625 0.05078125
0 0.171875 0.55 0.04375 0.03359375
0 0.17109375 0.725 0.03359375 0.0421875
0 0.16953125 0.890625 0.04140625 0.0390625
0 0.459375 0.53359375 0.02578125 0.04765625
0 0.6046875 0.53515625 0.03203125 0.0390625
0 0.7515625 0.53671875 0.0359375 0.0359375
0 0.90078125 0.53984375 0.02734375 0.06484375
0 0.90078125 0.78515625 0.02890625 0.04765625
0 0.7546875 0.78125 0.02734375 0.0421875
0 0.60546875 0.7859375 0.02890625 0.04296875
0 0.45546875 0.78515625 0.0359375 0.0359375
1 0.7828125 0.58828125 0.04375 0.04296875
1 0.78203125 0.8328125 0.0484375 0.0390625
3 0.315625 0.09453125 0.0359375 0.04765625
3 0.31484375 0.340625 0.0375 0.0421875
3 0.31484375 0.5859375 0.03203125 0.04765625
3 0.3109375 0.83828125 0.03984375 0.04921875
4 0.3859375 0.09453125 0.03984375 0.04765625
4 0.3890625 0.3421875 0.0359375 0.04609375
4 0.38828125 0.58828125 0.0375 0.05234375
4 0.38671875 0.8359375 0.03515625 0.053125
16 0.62734375 0.590625 0.0484375 0.04453125
5 0.46171875 0.58984375 0.0359375 0.04921875
24 0.52265625 0.58671875 0.0375 0.04609375
24 0.5234375 0.83359375 0.0375 0.05234375
22 0.95859375 0.33984375 0.04375 0.03203125
22 0.959375 0.8328125 0.03828125 0.0390625
28 0.9703125 0.37890625 0.05234375 0.040625
28 0.9734375 0.878125 0.053125 0.04765625