0 0.471875 0.05703125 0.03046875 0.0375
0 0.62109375 0.05546875 0.021875 0.0296875
0 0.76484375 0.05703125 0.034375 0.034375
0 0.9171875 0.05625 0.0390625 0.0296875
0 0.178125 0.08671875 0.03671875 0.0359375
0 0.20390625 0.2359375 0.02265625 0.02578125
0 0.178125 0.2578125 0.0390625 0.03125
0 0.47109375 0.30234375 0.01796875 0.0328125
0 0.61953125 0.3015625 0.03203125 0.03984375
0 0.76796875 0.2984375 0.0328125 0.04453125
0 0.91640625 0.30234375 0.03046875 0.04140625
0 0.20625 0.40703125 0.025 0.0296875
0 0.18046875 0.428125 0.02421875 0.02890625
0 0.2046875 0.57578125 0.0265625 0.0296875
0 0.178125 0.59375 0.02890625 0.02578125
0 0.65703125 0.7921875 0.0328125 0.04453125
0 0.50390625 0.79296875 0.03515625 0.0359375
0 0.20859375 0.74765625 0.02421875 0.02421875
0 0.18046875 0.7671875 0.02421875 0.03125
0 0.209375 0.9140625 0.04453125 0.02890625
0 0.17421875 0.9328125 0.04453125 0.03984375
1 0.7984375 0.1046875 0.0609375 0.034375
1 0.79921875 0.353125 0.0546875 0.03984375
1 0.796875 0.840625 0.0546875 0.046875
3 0.32421875 0.10625 0.03828125 0.03828125
3 0.32578125 0.3515625 0.0390625 0.04140625
3 0.321875 0.59296875 0.03671875 0.046875
3 0.321875 0.8421875 0.04140625 0.04140625
4 0.3984375 0.10546875 0.03046875 0.03828125
4 0.3984375 0.35234375 0.04140625 0.04140625
4 0.3984375 0.59765625 0.04140625 0.0484375
4 0.3953125 0.84296875 0.040625 0.0484375
5 0.47421875 0.6 0.03671875 0.05546875
16 0.64375 0.84453125 0.03671875 0.03828125
16 0.6453125 0.59765625 0.04140625 0.0484375
16 0.64609375 0.35 0.034375 0.04453125
16 0.63359375 0.1046875 0.04453125 0.0515625
23 0.71796875 0.11328125 0.06328125 0.04296875
23 0.71640625 0.3515625 0.04296875 0.0515625
24 0.5359375 0.10546875 0.04140625 0.046875
24 0.5375 0.3515625 0.0390625 0.03984375
24 0.53515625 0.8390625 0.0390625 0.05
21 0.9375 0.3515625 0.04453125 0.02734375