30 0.4796875 0.2125 0.078125 0.04609375
0 0.05625 0.546875 0.028125 0.040625
0 0.203125 0.54296875 0.02734375 0.040625
0 0.35234375 0.54375 0.025 0.03515625
0 0.0578125 0.79765625 0.02265625 0.040625
0 0.2046875 0.79765625 0.03046875 0.04609375
0 0.35 0.79765625 0.03515625 0.04609375
15 0.18828125 0.45859375 0.05703125 0.04453125
15 0.3671875 0.46015625 0.0703125 0.046875
15 0.53125 0.45625 0.0796875 0.0609375
15 0.70703125 0.45625 0.06875 0.06484375
15 0.85703125 0.60625 0.05 0.09140625
15 0.859375 0.8359375 0.04765625 0.07109375
15 0.71484375 0.96328125 0.08515625 0.046875
15 0.53671875 0.96796875 0.078125 0.03671875
15 0.3625 0.96796875 0.078125 0.04296875
15 0.1875 0.965625 0.07578125 0.04296875
21 0.09375 0.08984375 0.0609375 0.03671875
21 0.45859375 0.59453125 0.053125 0.03359375
21 0.45859375 0.85 0.053125 0.0375
22 0.296875 0.0875 0.03828125 0.03515625
22 0.33984375 0.08515625 0.0453125 0.0390625
25 0.02890625 0.43125 0.04609375 0.03203125
25 0.02890625 0.9390625 0.04609375 0.03125
8 0.0296875 0.3421875 0.05078125 0.05625
8 0.0265625 0.84765625 0.0484375 0.04453125
34 0.4578125 0.6375 0.0203125 0.0609375
38 0.46171875 0.88515625 0.040625 0.03359375