0 0.065625 0.04140625 0.04296875 0.0453125
0 0.21328125 0.04375 0.034375 0.04375
0 0.35390625 0.0390625 0.034375 0.040625
0 0.06640625 0.2890625 0.021875 0.0453125
0 0.209375 0.2890625 0.03671875 0.03046875
0 0.35625 0.290625 0.0328125 0.0421875
15 0.85546875 0.01875 0.07578125 0.0375
15 0.85078125 0.209375 0.046875 0.084375
15 0.85078125 0.4203125 0.05234375 0.09296875
15 0.8546875 0.6234375 0.04296875 0.07421875
15 0.84375 0.828125 0.05234375 0.09296875
15 0.70390625 0.46875 0.07734375 0.04375
15 0.5390625 0.4734375 0.08828125 0.0390625
15 0.36484375 0.475 0.078125 0.05390625
15 0.184375 0.47421875 0.08203125 0.05234375
21 0.4625 0.08984375 0.05 0.0390625
21 0.459375 0.3328125 0.0640625 0.0390625
34 0.46015625 0.13203125 0.0328125 0.0453125
38 0.45859375 0.36953125 0.04296875 0.0375
21 0.09921875 0.3421875 0.04921875 0.03203125
7 0.03671875 0.33828125 0.046875 0.0421875
27 0.11484375 0.3828125 0.06640625 0.04375
25 0.03828125 0.42734375 0.04921875 0.03359375
40 0.2203125 0.865625 0.0296875 0.03359375
32 0.25703125 0.86875 0.0328125 0.040625