0 0.01171875 0.09609375 0.0234375 0.04765625
0 0.16171875 0.0984375 0.046875 0.04375
0 0.3171875 0.09375 0.03125 0.03359375
0 0.4703125 0.08984375 0.04296875 0.04609375
0 0.628125 0.0953125 0.05234375 0.0453125
0 0.03984375 0.346875 0.0484375 0.0390625
0 0.1921875 0.3484375 0.04921875 0.05625
0 0.353125 0.34296875 0.0484375 0.05390625
26 0.48984375 0.39140625 0.04140625 0.03515625
30 0.50859375 0.2109375 0.09296875 0.0421875
30 0.42265625 0.2734375 0.0734375 0.0421875
30 0.5984375 0.27109375 0.06640625 0.040625
22 0.30625 0.1453125 0.0453125 0.03515625
25 0.73515625 0.2046875 0.06015625 0.0359375
25 0.7375 0.265625 0.0578125 0.02734375
15 0.14765625 0.77578125 0.065625 0.04765625
15 0.32890625 0.77578125 0.08125 0.05078125
15 0.50625 0.771875 0.0625 0.0453125
15 0.67890625 0.77421875 0.08125 0.0375
15 0.840625 0.9578125 0.04453125 0.06953125
6 0.67265625 0.1453125 0.05859375 0.04375
6 0.73671875 0.146875 0.05390625 0.0390625
21 0.0390625 0.64296875 0.05234375 0.0359375
27 0.065625 0.68515625 0.08203125 0.05078125
18 0.91875 0.4140625 0.03359375 0.06484375
18 0.88984375 0.41640625 0.0296875 0.05625
18 0.9140625 0.61640625 0.02578125 0.06484375
18 0.884375 0.61796875 0.0328125 0.06484375
18 0.91640625 0.81640625 0.02890625 0.07109375
18 0.890625 0.81796875 0.02734375 0.06484375