7 0.03671875 0.16484375 0.05234375 0.05234375
21 0.0953125 0.16875 0.04921875 0.046875
25 0.03671875 0.27421875 0.05234375 0.0484375
15 0.18828125 0.32734375 0.059375 0.06171875
15 0.36171875 0.3265625 0.0546875 0.05390625
15 0.525 0.3265625 0.06328125 0.03984375
15 0.69296875 0.32734375 0.0484375 0.05625
15 0.84375 0.23515625 0.034375 0.06875
18 0.90703125 0.2984375 0.02890625 0.0671875
18 0.8828125 0.2984375 0.02421875 0.0796875
18 0.90859375 0.05234375 0.02421875 0.07109375
18 0.884375 0.0578125 0.0234375 0.06875
27 0.11875 0.215625 0.06796875 0.05234375
17 0.9703125 0.18671875 0.028125 0.04921875