7 0.034375 0.60625 0.05703125 0.05078125
25 0.03046875 0.7015625 0.04921875 0.0375
0 0.0609375 0.81796875 0.03203125 0.03828125
0 0.20390625 0.81640625 0.03046875 0.04140625
0 0.34609375 0.81796875 0.0421875 0.0359375
21 0.45546875 0.86484375 0.0515625 0.04453125
34 0.45703125 0.9109375 0.034375 0.059375
15 0.1875 0.7328125 0.0625 0.04453125
15 0.3609375 0.73203125 0.08046875 0.06171875
15 0.53203125 0.725 0.08828125 0.05625
15 0.6921875 0.73046875 0.07109375 0.05390625
15 0.84609375 0.7703125 0.04140625 0.08671875
15 0.84453125 0.9625 0.04375 0.07421875
15 0.840625 0.55 0.05 0.084375
15 0.83671875 0.33828125 0.0546875 0.08515625
15 0.8484375 0.1328125 0.0359375 0.059375
18 0.91328125 0.1875 0.03125 0.0609375
18 0.89140625 0.19296875 0.0265625 0.06640625
18 0.91015625 0.39375 0.03125 0.059375
18 0.88984375 0.4 0.028125 0.0578125
18 0.90859375 0.60390625 0.028125 0.059375
18 0.8859375 0.61015625 0.03828125 0.059375
18 0.9109375 0.8203125 0.028125 0.06796875
18 0.8859375 0.821875 0.03046875 0.05546875