0 0.0421875 0.103125 0.028125 0.03125
0 0.19453125 0.1015625 0.0359375 0.04453125
0 0.3453125 0.1015625 0.03203125 0.04140625
0 0.1296875 0.32890625 0.03359375 0.05
0 0.2828125 0.33203125 0.0375 0.0484375
15 0.8359375 0.1703125 0.04765625 0.06171875
15 0.8296875 0.3609375 0.0453125 0.0578125
15 0.83046875 0.54375 0.03828125 0.06875
15 0.828125 0.73828125 0.0421875 0.06484375
15 0.83046875 0.91953125 0.04609375 0.06484375
18 0.89921875 0.03359375 0.0296875 0.05390625
18 0.87421875 0.0359375 0.03203125 0.0453125
18 0.89921875 0.22109375 0.03203125 0.06328125
18 0.87734375 0.221875 0.03203125 0.06171875
18 0.9 0.4046875 0.02421875 0.059375
18 0.87734375 0.40625 0.03203125 0.05390625
18 0.89765625 0.59375 0.02734375 0.065625
18 0.878125 0.5984375 0.03359375 0.06171875
18 0.89765625 0.78671875 0.02734375 0.06328125
18 0.875 0.7859375 0.028125 0.06484375
18 0.9 0.96640625 0.0296875 0.05078125
18 0.87734375 0.96953125 0.0296875 0.05
26 0.48359375 0.14375 0.04765625 0.03203125
21 0.359375 0.37421875 0.05546875 0.028125
38 0.36015625 0.41015625 0.04921875 0.0296875
40 0.20078125 0.63203125 0.03359375 0.0375
32 0.26015625 0.6328125 0.04375 0.03203125