0 0.43359375 0.08984375 0.028125 0.03671875
0 0.57265625 0.09140625 0.03203125 0.0390625
0 0.71171875 0.08984375 0.0296875 0.0390625
0 0.8484375 0.0890625 0.0296875 0.040625
0 0.9890625 0.09140625 0.02109375 0.0421875
0 0.21640625 0.12421875 0.03203125 0.02734375
0 0.14921875 0.27734375 0.04140625 0.040625
0 0.1453125 0.4328125 0.03671875 0.0296875
0 0.16640625 0.47734375 0.0375 0.03359375
0 0.14140625 0.5890625 0.03515625 0.028125
0 0.16328125 0.63125 0.0296875 0.03125
0 0.14453125 0.753125 0.028125 0.02265625
0 0.159375 0.79140625 0.0296875 0.02734375
0 0.14453125 0.91015625 0.03984375 0.02578125
0 0.16015625 0.94609375 0.0328125 0.02734375
0 0.4296875 0.7875 0.03046875 0.040625
0 0.5671875 0.78359375 0.034375 0.03515625
0 0.70703125 0.78515625 0.0234375 0.0421875
0 0.46796875 0.55390625 0.0234375 0.0421875
0 0.60390625 0.55390625 0.0484375 0.0390625
0 0.884375 0.553125 0.02578125 0.03671875
0 0.87890625 0.32109375 0.034375 0.0515625
0 0.7453125 0.3234375 0.0296875 0.040625
0 0.60390625 0.32109375 0.028125 0.0375
0 0.46796875 0.325 0.03984375 0.04609375
1 0.74296875 0.1390625 0.05625 0.0328125
1 0.74296875 0.603125 0.06015625 0.0390625
1 0.73828125 0.8375 0.04375 0.040625
3 0.3 0.13828125 0.03203125 0.0375
3 0.29765625 0.36328125 0.04140625 0.0421875
3 0.29375 0.60078125 0.034375 0.04609375
3 0.3 0.83125 0.0375 0.03671875
4 0.3671875 0.1390625 0.0421875 0.03359375
4 0.3703125 0.60703125 0.04140625 0.0421875
4 0.36953125 0.83046875 0.028125 0.04296875
5 0.434375 0.8390625 0.0484375 0.04296875
16 0.5859375 0.1359375 0.034375 0.0421875
16 0.59609375 0.5984375 0.0328125 0.0375
16 0.596875 0.82578125 0.0375 0.04765625
23 0.665625 0.60078125 0.0375 0.0328125
24 0.49609375 0.1359375 0.03203125 0.0421875
24 0.49765625 0.60234375 0.03671875 0.0375
24 0.4984375 0.8296875 0.0328125 0.04296875
21 0.80078125 0.8296875 0.05390625 0.0375
21 0.8703125 0.60234375 0.03984375 0.02734375
7 0.96015625 0.5984375 0.0515625 0.0421875
25 0.9609375 0.68359375 0.05625 0.0375
33 0.8015625 0.8703125 0.03671875 0.0328125