0 0.4921875 0.03046875 0.028125 0.0421875
0 0.6390625 0.0265625 0.02734375 0.03671875
0 0.78828125 0.03125 0.03046875 0.0375
0 0.93046875 0.0296875 0.03203125 0.0421875
0 0.90703125 0.2890625 0.0328125 0.04921875
0 0.76015625 0.2890625 0.02578125 0.04296875
0 0.609375 0.29453125 0.0296875 0.04296875
0 0.45859375 0.2921875 0.034375 0.0390625
0 0.17109375 0.14140625 0.03203125 0.03359375
0 0.190625 0.165625 0.03203125 0.0265625
0 0.17109375 0.3234375 0.03203125 0.03671875
0 0.19375 0.34765625 0.02421875 0.0234375
0 0.16875 0.50078125 0.02578125 0.03359375
0 0.18984375 0.53125 0.028125 0.025
0 0.1671875 0.684375 0.03203125 0.0296875
0 0.1890625 0.71328125 0.02578125 0.03359375
0 0.48984375 0.55546875 0.0328125 0.04453125
0 0.634375 0.55703125 0.03203125 0.04453125
0 0.78515625 0.55703125 0.028125 0.03359375
0 0.93359375 0.55625 0.021875 0.03515625
1 0.778125 0.08671875 0.05078125 0.0421875
1 0.78125 0.6109375 0.05078125 0.0421875
3 0.31015625 0.0859375 0.03828125 0.0515625
3 0.3078125 0.3453125 0.04296875 0.0421875
3 0.3109375 0.61015625 0.03203125 0.05859375
2 0.27890625 0.71015625 0.03828125 0.04609375
4 0.38515625 0.08984375 0.03984375 0.04453125
4 0.3828125 0.340625 0.0421875 0.04921875
4 0.38046875 0.61171875 0.0328125 0.0515625
5 0.45625 0.08359375 0.0296875 0.0421875
16 0.625 0.34921875 0.0453125 0.0375
16 0.61953125 0.61484375 0.03828125 0.04296875
23 0.696875 0.61328125 0.05 0.04609375
24 0.521875 0.084375 0.0296875 0.04296875
24 0.521875 0.60859375 0.03984375 0.04765625
22 0.95625 0.34609375 0.03984375 0.0296875
28 0.96953125 0.39140625 0.05546875 0.04765625
21 0.91796875 0.61484375 0.0453125 0.03203125