0 0.4953125 0.04140625 0.02734375 0.0390625
0 0.64140625 0.046875 0.02890625 0.03828125
0 0.790625 0.04140625 0.02109375 0.03671875
0 0.93203125 0.04453125 0.0234375 0.05078125
0 0.15234375 0.10390625 0.03359375 0.025
0 0.17265625 0.14453125 0.03515625 0.03203125
0 0.14765625 0.271875 0.04453125 0.03671875
0 0.1734375 0.31796875 0.0359375 0.0265625
0 0.46328125 0.29140625 0.0359375 0.04921875
0 0.60625 0.29375 0.04375 0.0484375
0 0.7578125 0.2921875 0.03125 0.0453125
0 0.9015625 0.28984375 0.04453125 0.04921875
0 0.8984375 0.54765625 0.03125 0.0453125
0 0.75390625 0.54296875 0.02734375 0.0421875
0 0.60546875 0.54765625 0.02578125 0.0390625
0 0.45859375 0.54765625 0.0359375 0.0390625
0 0.89921875 0.7890625 0.0296875 0.0453125
0 0.7546875 0.79140625 0.03125 0.04375
0 0.60390625 0.79453125 0.02578125 0.040625
0 0.4578125 0.790625 0.03515625 0.0453125
0 0.14765625 0.4484375 0.03125 0.03046875
0 0.171875 0.490625 0.03828125 0.03046875
0 0.1484375 0.61796875 0.03828125 0.03828125
0 0.16953125 0.66484375 0.03828125 0.03203125
0 0.15078125 0.78828125 0.0296875 0.02890625
0 0.1734375 0.83203125 0.03125 0.03203125
0 0.14765625 0.96328125 0.02890625 0.02890625
0 0.19453125 0.9796875 0.03359375 0.02890625
3 0.3140625 0.09453125 0.04609375 0.046875
3 0.31328125 0.340625 0.0375 0.05078125
3 0.3125 0.5953125 0.03828125 0.0453125
3 0.31328125 0.84375 0.03203125 0.04921875
4 0.3875 0.09140625 0.04140625 0.05078125
4 0.3890625 0.34765625 0.0296875 0.0453125
4 0.38671875 0.59453125 0.04453125 0.04921875
4 0.3859375 0.8453125 0.04375 0.05859375
1 0.7828125 0.59453125 0.0484375 0.04375
1 0.77890625 0.0921875 0.0625 0.0453125
16 0.6265625 0.09921875 0.0484375 0.04921875
16 0.62890625 0.59609375 0.04609375 0.05546875
23 0.7015625 0.59296875 0.046875 0.04375
24 0.5203125 0.09453125 0.04375 0.040625
24 0.52421875 0.59609375 0.03828125 0.046875
22 0.95703125 0.3421875 0.03828125 0.0390625
21 0.91640625 0.59140625 0.04453125 0.03359375
28 0.97109375 0.38984375 0.05703125 0.0484375