7 0.028125 0.08671875 0.04765625 0.040625
21 0.0859375 0.090625 0.05078125 0.03046875
27 0.10625 0.1328125 0.0671875 0.04609375
25 0.0296875 0.17578125 0.04375 0.02734375
8 0.03046875 0.33515625 0.04765625 0.0390625
25 0.03125 0.41640625 0.0515625 0.0359375
7 0.0296875 0.82890625 0.04375 0.040625
25 0.028125 0.9171875 0.04921875 0.02890625
21 0.08515625 0.8296875 0.04921875 0.03359375
21 0.46484375 0.82734375 0.04921875 0.0359375
21 0.46328125 0.584375 0.0640625 0.0375
34 0.46484375 0.62421875 0.0265625 0.05078125
34 0.4640625 0.87109375 0.03046875 0.05234375
27 0.10703125 0.871875 0.06796875 0.05078125
0 0.05625 0.53515625 0.03125 0.04609375
0 0.0546875 0.7796875 0.02890625 0.04453125
0 0.2046875 0.7828125 0.034375 0.0546875
0 0.35546875 0.78125 0.0328125 0.05234375
0 0.20390625 0.534375 0.03125 0.04453125
0 0.3546875 0.53515625 0.03046875 0.04921875
15 0.19140625 0.22109375 0.071875 0.04609375
15 0.3671875 0.21640625 0.06328125 0.05625
15 0.5390625 0.22421875 0.071875 0.0375
15 0.7140625 0.2109375 0.0734375 0.0421875
15 0.72265625 0.44140625 0.08046875 0.0609375
15 0.53046875 0.453125 0.0765625 0.040625
15 0.36484375 0.4484375 0.08203125 0.04609375
15 0.19140625 0.446875 0.06796875 0.04375
15 0.8609375 0.109375 0.040625 0.05390625
15 0.8625 0.30703125 0.0328125 0.06953125
15 0.8640625 0.5078125 0.0453125 0.06953125
15 0.865625 0.70859375 0.04375 0.0765625
15 0.86796875 0.90859375 0.03046875 0.0578125
15 0.7140625 0.9640625 0.06015625 0.0375
15 0.53359375 0.96875 0.0578125 0.0390625
15 0.36640625 0.9640625 0.0640625 0.0375
15 0.1828125 0.9625 0.06796875 0.0375