0 0.46484375 0.0578125 0.03125 0.03671875
0 0.609375 0.05703125 0.03359375 0.040625
0 0.759375 0.05703125 0.0375 0.03203125
0 0.90625 0.053125 0.0234375 0.0421875
0 0.16953125 0.0171875 0.03828125 0.03046875
0 0.14609375 0.14921875 0.03359375 0.02890625
0 0.19375 0.165625 0.0296875 0.0265625
0 0.16875 0.1953125 0.03515625 0.03359375
0 0.49375 0.30859375 0.02890625 0.046875
0 0.640625 0.30390625 0.0234375 0.0453125
0 0.74140625 0.55859375 0.0375 0.0453125
0 0.59375 0.56015625 0.03515625 0.03359375
0 0.45234375 0.5546875 0.01953125 0.03203125
0 0.9 0.81171875 0.03125 0.0484375
0 0.75390625 0.809375 0.0296875 0.046875
0 0.6078125 0.8109375 0.03515625 0.03828125
0 0.46640625 0.8140625 0.05625 0.05546875
0 0.146875 0.32265625 0.04453125 0.0421875
0 0.1921875 0.340625 0.03125 0.01875
0 0.17421875 0.36796875 0.03515625 0.03359375
0 0.1453125 0.4984375 0.03515625 0.03046875
0 0.19609375 0.5125 0.03984375 0.0265625
0 0.1734375 0.53515625 0.02890625 0.03046875
0 0.15078125 0.66953125 0.03359375 0.028125
0 0.1921875 0.6875 0.025 0.028125
0 0.171875 0.7125 0.03828125 0.028125
0 0.15 0.84296875 0.0375 0.03359375
0 0.19765625 0.85625 0.03203125 0.02890625
0 0.1734375 0.88671875 0.02578125 0.028125
1 0.78203125 0.36171875 0.05625 0.05234375
1 0.78125 0.6078125 0.05234375 0.0640625
1 0.78515625 0.8640625 0.059375 0.04375
22 0.9546875 0.11015625 0.0484375 0.040625
22 0.95234375 0.85859375 0.053125 0.0421875
28 0.96875 0.15390625 0.05234375 0.040625
28 0.96640625 0.90390625 0.059375 0.0484375
21 0.84453125 0.609375 0.05 0.040625
33 0.84609375 0.64921875 0.03984375 0.0421875
3 0.31328125 0.109375 0.03984375 0.0515625
3 0.31328125 0.35703125 0.0359375 0.05546875
3 0.3125 0.6109375 0.03828125 0.03671875
3 0.31484375 0.8609375 0.0359375 0.05234375
4 0.38125 0.10390625 0.0421875 0.05234375
4 0.3859375 0.359375 0.040625 0.05703125
4 0.3859375 0.61015625 0.04375 0.0484375
4 0.38828125 0.86328125 0.03359375 0.0421875
16 0.62265625 0.10703125 0.040625 0.05
16 0.63046875 0.35859375 0.040625 0.04375
16 0.62734375 0.6109375 0.0421875 0.0453125
24 0.52421875 0.36015625 0.0421875 0.05
24 0.51953125 0.60859375 0.04375 0.0421875
24 0.52421875 0.86328125 0.0421875 0.03984375
5 0.4625 0.61171875 0.0375 0.04375