0 0.4984375 0.0375 0.0234375 0.03515625
0 0.64296875 0.0375 0.02890625 0.03515625
0 0.7921875 0.04140625 0.03125 0.0453125
0 0.93203125 0.03828125 0.0359375 0.05078125
0 0.22890625 0.07578125 0.02109375 0.0421875
0 0.1515625 0.2328125 0.03203125 0.0390625
0 0.15078125 0.4109375 0.02890625 0.03046875
0 0.459375 0.2875 0.02578125 0.03359375
0 0.60390625 0.2859375 0.03984375 0.0453125
0 0.75 0.28359375 0.03125 0.0390625
0 0.89609375 0.284375 0.02578125 0.040625
0 0.9078125 0.5328125 0.025 0.0390625
0 0.753125 0.534375 0.03359375 0.03359375
0 0.60859375 0.534375 0.0375 0.0359375
0 0.4578125 0.53515625 0.03828125 0.04375
0 0.89921875 0.7859375 0.03984375 0.0390625
0 0.75625 0.7875 0.040625 0.03046875
0 0.60859375 0.7859375 0.03515625 0.0421875
0 0.45625 0.7890625 0.0375 0.03046875
0 0.1734375 0.44921875 0.03125 0.0234375
0 0.1484375 0.5765625 0.03125 0.03515625
0 0.17421875 0.6125 0.02734375 0.0359375
0 0.1484375 0.7515625 0.02890625 0.03359375
0 0.171875 0.78828125 0.0234375 0.03515625
0 0.15 0.91953125 0.025 0.03046875
0 0.17109375 0.9640625 0.03359375 0.03203125
3 0.31328125 0.09140625 0.03828125 0.0375
3 0.31875 0.3328125 0.03125 0.0421875
3 0.31640625 0.590625 0.03359375 0.0390625
3 0.3109375 0.834375 0.040625 0.0453125
4 0.38671875 0.0875 0.0359375 0.0453125
4 0.3921875 0.3359375 0.040625 0.04375
4 0.3890625 0.5921875 0.03828125 0.06484375
4 0.38984375 0.83515625 0.0375 0.0375
1 0.7828125 0.83125 0.046875 0.03359375
1 0.77734375 0.33359375 0.04609375 0.040625
24 0.52421875 0.3375 0.0375 0.04375
24 0.52578125 0.83515625 0.03984375 0.03359375
16 0.62578125 0.3375 0.0359375 0.04921875
16 0.628125 0.83203125 0.040625 0.04375
23 0.6984375 0.8359375 0.04609375 0.04609375
23 0.6984375 0.33828125 0.05078125 0.03359375
21 0.9140625 0.3390625 0.05234375 0.02890625
21 0.91640625 0.8328125 0.04609375 0.02734375
22 0.9546875 0.5859375 0.05078125 0.0359375
28 0.96953125 0.6296875 0.05625 0.0390625