0 0.15 0.02890625 0.0453125 0.03515625
0 0.19921875 0.0421875 0.0328125 0.028125
0 0.1796875 0.0765625 0.02578125 0.03203125
0 0.15703125 0.2265625 0.0359375 0.03203125
0 0.20234375 0.24375 0.03125 0.03046875
0 0.175 0.2734375 0.03671875 0.0265625
0 0.4578125 0.0765625 0.0296875 0.03515625
0 0.60703125 0.078125 0.021875 0.05078125
0 0.75703125 0.07421875 0.02265625 0.0421875
2 0.2921875 0.246875 0.0375 0.04375
1 0.78984375 0.1375 0.053125 0.04765625
3 0.31796875 0.1359375 0.0390625 0.04453125
4 0.39296875 0.134375 0.040625 0.05078125
5 0.465625 0.1359375 0.0390625 0.04765625
24 0.5296875 0.13203125 0.0484375 0.0515625
16 0.6375 0.1375 0.03984375 0.0390625
21 0.85703125 0.134375 0.05234375 0.0421875
33 0.85859375 0.184375 0.04375 0.04609375