8 0.0296875 0.0828125 0.04921875 0.04453125
8 0.03359375 0.828125 0.0421875 0.04609375
25 0.03046875 0.1734375 0.04765625 0.034375
25 0.0296875 0.9140625 0.04453125 0.03046875
15 0.1890625 0.1953125 0.0734375 0.04609375
15 0.3546875 0.19765625 0.06015625 0.034375
15 0.525 0.196875 0.06171875 0.04296875
15 0.69375 0.196875 0.05625 0.0390625
15 0.84921875 0.1125 0.040625 0.06953125
15 0.8453125 0.3140625 0.0359375 0.0625
15 0.8453125 0.5234375 0.05078125 0.071875
15 0.8484375 0.72421875 0.04765625 0.06953125
15 0.84921875 0.915625 0.03828125 0.06484375
15 0.1796875 0.9421875 0.06171875 0.04296875
15 0.35703125 0.9390625 0.05625 0.05234375
15 0.525 0.940625 0.05390625 0.04609375
15 0.6984375 0.93359375 0.06171875 0.0546875