0 0.5015625 0.0328125 0.03125 0.0453125
0 0.646875 0.03515625 0.0359375 0.046875
0 0.7921875 0.03515625 0.0296875 0.046875
0 0.9359375 0.03515625 0.03671875 0.040625
0 0.1734375 0.16953125 0.0421875 0.03671875
0 0.17265625 0.34609375 0.040625 0.0421875
0 0.45546875 0.28359375 0.03359375 0.046875
0 0.60546875 0.27890625 0.03984375 0.03671875
0 0.753125 0.28046875 0.02734375 0.04765625
0 0.9 0.28359375 0.0296875 0.040625
0 0.1984375 0.46875 0.0359375 0.03203125
0 0.16875 0.51875 0.03828125 0.03359375
0 0.45703125 0.5328125 0.0421875 0.046875
0 0.603125 0.5359375 0.03671875 0.046875
0 0.746875 0.53515625 0.02734375 0.05078125
0 0.89765625 0.5359375 0.0359375 0.040625
0 0.74375 0.78359375 0.0359375 0.05078125
0 0.5984375 0.78203125 0.034375 0.04375
0 0.4515625 0.778125 0.03828125 0.04765625
0 0.19921875 0.6390625 0.03984375 0.03203125
0 0.17578125 0.6875 0.0421875 0.0421875
0 0.19765625 0.8171875 0.0421875 0.03046875
0 0.17421875 0.865625 0.03671875 0.03671875
0 0.1953125 0.9828125 0.034375 0.034375
1 0.77890625 0.3359375 0.0546875 0.0265625
1 0.77890625 0.5828125 0.04921875 0.0390625
1 0.78125 0.83515625 0.03671875 0.03671875
3 0.31484375 0.0875 0.040625 0.04375
3 0.31328125 0.33515625 0.04296875 0.040625
3 0.3140625 0.5828125 0.034375 0.0453125
3 0.31484375 0.8359375 0.03984375 0.04765625
4 0.38515625 0.08828125 0.04296875 0.0421875
4 0.3859375 0.3390625 0.040625 0.04921875
4 0.38828125 0.5796875 0.03671875 0.05703125
4 0.3859375 0.8359375 0.0359375 0.05078125
5 0.4578125 0.834375 0.03359375 0.040625
16 0.6265625 0.33671875 0.034375 0.03671875
16 0.63046875 0.5875 0.03203125 0.05078125
16 0.6296875 0.834375 0.03125 0.040625
24 0.52578125 0.33203125 0.040625 0.05234375
24 0.52421875 0.5859375 0.03671875 0.0421875
24 0.525 0.83125 0.03828125 0.040625
23 0.6984375 0.33203125 0.0421875 0.046875
23 0.69765625 0.5859375 0.040625 0.0421875
21 0.84609375 0.83125 0.0484375 0.03203125
21 0.909375 0.584375 0.03828125 0.03046875
21 0.91328125 0.33359375 0.0421875 0.02890625
33 0.84453125 0.871875 0.03828125 0.0375