15 0.18828125 0.196875 0.05625 0.0296875
15 0.35078125 0.196875 0.06875 0.03828125
15 0.525 0.1953125 0.071875 0.046875
15 0.68984375 0.1953125 0.07109375 0.0359375
15 0.84765625 0.328125 0.03046875 0.0875
15 0.69765625 0.4546875 0.04765625 0.03984375
15 0.52109375 0.459375 0.0671875 0.04609375
15 0.35546875 0.4546875 0.0734375 0.0515625
15 0.184375 0.46171875 0.07109375 0.04609375
15 0.84375 0.5265625 0.04140625 0.0828125
15 0.83828125 0.72109375 0.04921875 0.09140625
15 0.8421875 0.93046875 0.04375 0.07265625
15 0.69765625 0.95078125 0.0671875 0.046875
15 0.5234375 0.94453125 0.0859375 0.05
15 0.35859375 0.9515625 0.071875 0.0515625
15 0.1859375 0.94453125 0.078125 0.04453125
0 0.0265625 0.28046875 0.02578125 0.03984375
0 0.175 0.27734375 0.0296875 0.03125
0 0.3203125 0.27890625 0.0265625 0.04296875
0 0.0296875 0.51953125 0.03671875 0.05703125
0 0.175 0.52109375 0.0296875 0.03984375
0 0.32265625 0.52421875 0.034375 0.05859375
0 0.0515625 0.7703125 0.034375 0.03828125
17 0.96875 0.83828125 0.03046875 0.0484375
8 0.03203125 0.084375 0.04765625 0.04609375
7 0.02890625 0.3296875 0.04765625 0.046875
7 0.03359375 0.81953125 0.040625 0.03125
25 0.03125 0.90859375 0.04296875 0.03125
25 0.0296875 0.4109375 0.04765625 0.0328125
27 0.103125 0.375 0.0578125 0.0375
21 0.0875 0.328125 0.04765625 0.0296875
21 0.15859375 0.33203125 0.06015625 0.0375
21 0.3890625 0.328125 0.05234375 0.0359375
38 0.3921875 0.36875 0.04140625 0.03984375
22 0.14921875 0.5765625 0.0515625 0.03125
21 0.2234375 0.575 0.07109375 0.04296875
21 0.390625 0.57109375 0.04765625 0.03984375
40 0.3015625 0.6046875 0.03046875 0.0328125
32 0.33828125 0.60703125 0.034375 0.03671875
38 0.39375 0.60625 0.03671875 0.03828125
21 0.08671875 0.81875 0.04453125 0.03828125
21 0.14609375 0.82109375 0.04140625 0.03359375
22 0.2015625 0.821875 0.04296875 0.02734375
27 0.1640625 0.61953125 0.0546875 0.0390625
27 0.103125 0.86171875 0.05390625 0.03671875
27 0.21796875 0.8625 0.059375 0.0375
35 0.22734375 0.6203125 0.046875 0.04921875
35 0.15625 0.86640625 0.04375 0.046875
35 0.1640625 0.375 0.0515625 0.053125
25 0.0296875 0.1703125 0.04375 0.025