17 0.95078125 0.8265625 0.03828125 0.04609375
15 0.18203125 0.19453125 0.0578125 0.040625
15 0.35546875 0.19765625 0.078125 0.0453125
15 0.51328125 0.19453125 0.065625 0.0296875
15 0.68125 0.19921875 0.06484375 0.0421875
15 0.8296875 0.321875 0.0375 0.0671875
15 0.828125 0.52421875 0.034375 0.06484375
15 0.825 0.71953125 0.0359375 0.06015625
15 0.828125 0.9109375 0.034375 0.071875
15 0.678125 0.4546875 0.0625 0.028125
15 0.51796875 0.4546875 0.05859375 0.040625
15 0.3546875 0.4546875 0.06015625 0.04921875
15 0.18671875 0.45390625 0.06015625 0.0390625
15 0.1828125 0.93515625 0.05859375 0.04765625
15 0.35703125 0.9421875 0.0671875 0.0390625
15 0.51953125 0.93359375 0.0421875 0.04375
15 0.6875 0.93359375 0.06015625 0.04375
0 0.0609375 0.27421875 0.0265625 0.04375
0 0.20078125 0.2734375 0.03203125 0.03828125
0 0.34921875 0.28046875 0.03203125 0.04375
8 0.0328125 0.08046875 0.0515625 0.040625
25 0.03203125 0.1671875 0.05 0.03671875
25 0.02890625 0.40625 0.04765625 0.0296875
25 0.0328125 0.8921875 0.0421875 0.03203125
7 0.03359375 0.328125 0.0453125 0.03828125
7 0.03359375 0.80546875 0.04765625 0.04609375
21 0.08984375 0.803125 0.04765625 0.03671875
21 0.08671875 0.3265625 0.0515625 0.0296875
21 0.2234375 0.32578125 0.046875 0.025
22 0.15703125 0.325 0.04296875 0.03515625
21 0.45234375 0.32109375 0.05546875 0.03203125
38 0.45 0.3578125 0.0375 0.03359375
22 0.14375 0.56640625 0.05 0.03828125
21 0.20859375 0.5671875 0.04296875 0.028125
35 0.2203125 0.6140625 0.06015625 0.053125
35 0.2296875 0.36796875 0.04765625 0.053125
40 0.2765625 0.35390625 0.03125 0.03359375
32 0.3140625 0.35546875 0.03984375 0.0390625
27 0.10859375 0.36640625 0.05859375 0.03984375
27 0.17578125 0.36796875 0.05078125 0.03828125
27 0.1625 0.6078125 0.0578125 0.040625
27 0.1046875 0.84921875 0.0578125 0.03828125
0 0.0859375 0.5203125 0.0421875 0.03828125