15 0.19375 0.19921875 0.07890625 0.04609375
15 0.36328125 0.19765625 0.0734375 0.04140625
15 0.5140625 0.18828125 0.11640625 0.06328125
15 0.7015625 0.19140625 0.07578125 0.05
15 0.84921875 0.36875 0.06171875 0.06875
15 0.84453125 0.5734375 0.05 0.0875
15 0.8484375 0.77578125 0.040625 0.06171875
15 0.84375 0.96953125 0.0390625 0.05859375
15 0.7015625 0.7046875 0.05859375 0.03984375
15 0.528125 0.70390625 0.05390625 0.0359375
15 0.36171875 0.70078125 0.0625 0.04453125
15 0.1859375 0.7 0.075 0.03984375
15 0.1890625 0.43515625 0.07109375 0.04765625
15 0.3515625 0.43671875 0.0640625 0.04453125
15 0.53203125 0.43359375 0.06171875 0.0546875
15 0.7015625 0.4390625 0.07109375 0.0484375
8 0.03046875 0.078125 0.04921875 0.04765625
8 0.03046875 0.32421875 0.0453125 0.03984375
7 0.03203125 0.57109375 0.04453125 0.04296875
25 0.028125 0.16796875 0.05390625 0.02890625
25 0.03125 0.41328125 0.05 0.02890625
25 0.02890625 0.65625 0.0453125 0.0390625
21 0.090625 0.57265625 0.04765625 0.0375
21 0.39453125 0.57265625 0.046875 0.03984375
21 0.2109375 0.8203125 0.05 0.0328125
21 0.39140625 0.81328125 0.05 0.034375
27 0.10703125 0.61640625 0.0640625 0.04140625
27 0.16484375 0.8625 0.05 0.04609375
38 0.39375 0.85546875 0.040625 0.0375
38 0.39453125 0.6109375 0.04140625 0.04296875
35 0.221875 0.8640625 0.06015625 0.05625
22 0.14609375 0.81328125 0.0515625 0.04609375