0 0.48984375 0.0296875 0.03046875 0.0375
0 0.646875 0.03125 0.02578125 0.04296875
0 0.80546875 0.03125 0.03046875 0.04296875
0 0.96015625 0.028125 0.0265625 0.05625
0 0.21015625 0.0890625 0.0421875 0.0375
0 0.2109375 0.29296875 0.04296875 0.0375
0 0.209375 0.5015625 0.0296875 0.03515625
0 0.53125 0.328125 0.02890625 0.04609375
0 0.6890625 0.33125 0.0328125 0.04609375
0 0.84609375 0.3265625 0.03046875 0.04765625
1 0.8375 0.3890625 0.05703125 0.04609375
2 0.31328125 0.509375 0.04921875 0.04609375
3 0.334375 0.09140625 0.05390625 0.05
3 0.33671875 0.39375 0.03984375 0.0609375
4 0.41796875 0.09453125 0.0390625 0.0484375
4 0.4125 0.38671875 0.053125 0.06796875
16 0.67421875 0.09296875 0.04375 0.05703125
16 0.67265625 0.39375 0.0390625 0.05703125
24 0.5625 0.39609375 0.03984375 0.04609375