15 0.246875 0.23515625 0.06328125 0.0359375
15 0.40234375 0.2359375 0.0578125 0.04453125
15 0.56171875 0.2328125 0.0625 0.0609375
15 0.71171875 0.23359375 0.0734375 0.05625
15 0.85546875 0.203125 0.03828125 0.0625
15 0.8546875 0.4296875 0.034375 0.05625
15 0.72578125 0.5140625 0.0703125 0.05625
15 0.55859375 0.496875 0.0640625 0.0578125
15 0.40234375 0.51015625 0.0515625 0.05234375
15 0.2390625 0.50703125 0.0609375 0.0578125
17 0.97109375 0.38046875 0.04375 0.053125
40 0.26640625 0.39296875 0.03125 0.04296875
32 0.3 0.39375 0.03203125 0.0390625
25 0.0953125 0.18125 0.04765625 0.04453125
25 0.09375 0.45625 0.0421875 0.04765625
21 0.040625 0.0875 0.04375 0.0390625
21 0.1484375 0.08671875 0.0484375 0.034375
21 0.2140625 0.0859375 0.040625 0.0390625
21 0.153125 0.36171875 0.04765625 0.03046875
7 0.09609375 0.0890625 0.05078125 0.05078125
7 0.096875 0.3578125 0.04453125 0.04453125
27 0.16875 0.4078125 0.05625 0.04296875
27 0.165625 0.13515625 0.0546875 0.053125
28 0.05546875 0.134375 0.0484375 0.04296875
35 0.22734375 0.13984375 0.05078125 0.06953125
0 0.02265625 0.30703125 0.0453125 0.05625
0 0.12109375 0.034375 0.028125 0.040625