0 0.5375 0.04921875 0.0296875 0.03046875
0 0.6953125 0.0453125 0.04609375 0.03828125
0 0.8078125 0.28984375 0.03125 0.0484375
0 0.209375 0.07734375 0.0296875 0.021875
0 0.18828125 0.0859375 0.03671875 0.025
0 0.48671875 0.29375 0.04453125 0.0453125
0 0.6515625 0.29609375 0.03203125 0.05
0 0.2109375 0.24375 0.03125 0.025
0 0.18515625 0.259375 0.02734375 0.03515625
0 0.21015625 0.41640625 0.03203125 0.03828125
0 0.18359375 0.4328125 0.0296875 0.03515625
0 0.2109375 0.59765625 0.03125 0.021875
0 0.18359375 0.603125 0.0375 0.03359375
0 0.2109375 0.77109375 0.03125 0.0296875
0 0.18046875 0.7765625 0.03203125 0.03359375
0 0.209375 0.940625 0.03203125 0.025
0 0.1828125 0.95 0.03671875 0.03828125
0 0.49453125 0.5515625 0.0421875 0.05
0 0.65390625 0.54453125 0.05 0.05703125
0 0.809375 0.54140625 0.028125 0.04140625
0 0.97265625 0.546875 0.03203125 0.04375
0 0.85703125 0.79296875 0.03515625 0.03828125
0 0.6953125 0.8 0.0390625 0.03984375
0 0.53515625 0.79765625 0.03671875 0.04375
2 0.309375 0.94609375 0.0421875 0.05
1 0.84453125 0.59609375 0.05390625 0.0421875
1 0.8421875 0.09296875 0.05703125 0.0421875
3 0.3359375 0.090625 0.04296875 0.05546875
3 0.340625 0.34765625 0.03125 0.046875
3 0.3390625 0.603125 0.0421875 0.05390625
3 0.33828125 0.85078125 0.03671875 0.04140625
4 0.4171875 0.09765625 0.040625 0.05390625
4 0.41328125 0.346875 0.05234375 0.0484375
4 0.4171875 0.5984375 0.0375 0.04140625
4 0.41953125 0.85234375 0.040625 0.0453125
5 0.49921875 0.6015625 0.040625 0.046875
5 0.49375 0.34296875 0.040625 0.03828125
16 0.678125 0.096875 0.04453125 0.06484375
16 0.68046875 0.34921875 0.0421875 0.05
16 0.67890625 0.5984375 0.0375 0.05
16 0.678125 0.85546875 0.03125 0.03359375
24 0.56640625 0.09453125 0.04453125 0.0484375
24 0.57109375 0.5984375 0.04296875 0.05859375
21 0.91328125 0.3421875 0.0578125 0.03671875
21 0.91875 0.5953125 0.05703125 0.03828125
33 0.91953125 0.3890625 0.05234375 0.06015625
33 0.91328125 0.63671875 0.0515625 0.03984375