0 0.12734375 0.51640625 0.0390625 0.04765625
0 0.2578125 0.515625 0.03125 0.03515625
0 0.38515625 0.51953125 0.0328125 0.040625
0 0.02578125 0.75625 0.03125 0.03515625
15 0.2390625 0.934375 0.05859375 0.03828125
15 0.39375 0.9328125 0.0609375 0.04765625
15 0.5484375 0.92578125 0.06640625 0.06171875
15 0.71328125 0.9375 0.0640625 0.05234375
15 0.84375 0.92578125 0.03125 0.059375
15 0.83984375 0.72890625 0.040625 0.06171875
15 0.84296875 0.5296875 0.040625 0.0578125
15 0.8453125 0.3390625 0.04296875 0.053125
15 0.84140625 0.1421875 0.040625 0.053125
17 0.9609375 0.821875 0.03359375 0.04921875
40 0.2640625 0.35546875 0.02265625 0.040625
32 0.296875 0.353125 0.03515625 0.03359375
21 0.484375 0.56171875 0.0546875 0.03828125
21 0.15078125 0.80546875 0.046875 0.03515625
34 0.48203125 0.60390625 0.03046875 0.040625
7 0.09453125 0.8046875 0.05078125 0.0390625
27 0.1671875 0.8453125 0.05390625 0.03671875
25 0.0953125 0.8890625 0.040625 0.03671875