0 0.459375 0.03671875 0.02734375 0.02734375
0 0.60546875 0.03671875 0.034375 0.0328125
0 0.7515625 0.03671875 0.02734375 0.0421875
0 0.89921875 0.03984375 0.03203125 0.0390625
0 0.1734375 0.20703125 0.034375 0.0390625
0 0.17109375 0.37890625 0.034375 0.0390625
0 0.175 0.5515625 0.03203125 0.0390625
0 0.4953125 0.2859375 0.0234375 0.040625
0 0.64375 0.2828125 0.03203125 0.04921875
0 0.78671875 0.2859375 0.02734375 0.04609375
0 0.9375 0.2859375 0.03359375 0.04296875
0 0.459375 0.5359375 0.02890625 0.0359375
0 0.60625 0.53984375 0.02890625 0.04609375
0 0.7515625 0.5359375 0.0296875 0.04765625
0 0.89609375 0.5421875 0.0359375 0.04453125
0 0.9078125 0.778125 0.02734375 0.05078125
0 0.76015625 0.778125 0.0234375 0.04453125
0 0.6109375 0.778125 0.03359375 0.0421875
0 0.46328125 0.77578125 0.02890625 0.04453125
0 0.19765625 0.7125 0.03125 0.0328125
0 0.1734375 0.72578125 0.02578125 0.02890625
0 0.1984375 0.8828125 0.0375 0.02890625
0 0.17265625 0.89765625 0.03203125 0.03203125
1 0.784375 0.08984375 0.0546875 0.0421875
1 0.7828125 0.3328125 0.046875 0.0390625
1 0.7875 0.590625 0.05078125 0.04453125
1 0.77734375 0.825 0.0484375 0.04453125
3 0.31328125 0.08671875 0.040625 0.04296875
3 0.3140625 0.33359375 0.034375 0.04296875
3 0.31796875 0.58359375 0.03984375 0.0421875
3 0.3140625 0.828125 0.03984375 0.040625
4 0.38984375 0.08671875 0.03984375 0.0515625
4 0.3875 0.334375 0.03828125 0.0359375
4 0.3875 0.58984375 0.03125 0.0421875
4 0.384375 0.8265625 0.0375 0.04921875
5 0.46328125 0.5875 0.03359375 0.034375
5 0.46171875 0.83046875 0.03984375 0.0421875
16 0.628125 0.08125 0.04609375 0.053125
16 0.628125 0.33203125 0.046875 0.04609375
16 0.63125 0.58984375 0.02890625 0.0375
16 0.6265625 0.82578125 0.03984375 0.05078125
23 0.7015625 0.58984375 0.0484375 0.0375
23 0.7 0.0890625 0.03828125 0.0390625
24 0.5234375 0.0875 0.046875 0.04453125
24 0.52578125 0.33828125 0.03828125 0.04453125
24 0.52265625 0.5859375 0.03828125 0.040625
24 0.5265625 0.83203125 0.0359375 0.04453125
21 0.9109375 0.0875 0.04375 0.021875
21 0.9171875 0.58984375 0.04609375 0.0359375
21 0.84453125 0.828125 0.053125 0.0375
22 0.96015625 0.08515625 0.03984375 0.03203125
22 0.9578125 0.83046875 0.046875 0.0328125
33 0.84765625 0.87265625 0.0375 0.0390625
28 0.96875 0.12890625 0.0546875 0.05078125
28 0.96953125 0.871875 0.05078125 0.04296875