0 0.46015625 0.04296875 0.03046875 0.034375
0 0.60703125 0.04140625 0.0359375 0.03828125
0 0.74609375 0.04375 0.04609375 0.04921875
0 0.459375 0.29609375 0.025 0.03828125
0 0.60859375 0.3 0.03125 0.03828125
0 0.7484375 0.29921875 0.04140625 0.046875
0 0.9015625 0.3078125 0.03359375 0.05078125
0 0.90234375 0.55859375 0.03125 0.05859375
0 0.76015625 0.55859375 0.03515625 0.05078125
0 0.609375 0.55390625 0.03828125 0.05234375
0 0.465625 0.55703125 0.0328125 0.04765625
0 0.17265625 0.14765625 0.03046875 0.02578125
0 0.1984375 0.1734375 0.02890625 0.02578125
0 0.17265625 0.32578125 0.03046875 0.03671875
0 0.1984375 0.34765625 0.03125 0.034375
0 0.17421875 0.50625 0.03515625 0.025
0 0.19609375 0.5296875 0.0359375 0.0234375
0 0.17421875 0.68671875 0.0390625 0.0328125
0 0.1984375 0.70859375 0.04296875 0.03125
1 0.78515625 0.0921875 0.040625 0.03671875
1 0.78046875 0.3546875 0.04765625 0.04765625
1 0.7828125 0.6109375 0.05625 0.034375
2 0.28984375 0.71484375 0.04375 0.03125
3 0.315625 0.0921875 0.040625 0.0421875
3 0.3140625 0.35546875 0.05390625 0.06171875
3 0.315625 0.609375 0.0390625 0.04765625
4 0.38671875 0.0921875 0.04296875 0.04765625
4 0.390625 0.35234375 0.0375 0.06015625
4 0.38984375 0.6140625 0.040625 0.04921875
5 0.4609375 0.09296875 0.0375 0.04375
16 0.62890625 0.09296875 0.040625 0.03828125
16 0.63046875 0.353125 0.0375 0.05078125
16 0.6265625 0.609375 0.0390625 0.04765625
24 0.525 0.09140625 0.03828125 0.03984375
24 0.52578125 0.35390625 0.04140625 0.03828125
24 0.52421875 0.60859375 0.0390625 0.046875
21 0.84609375 0.0890625 0.05859375 0.04921875
21 0.91484375 0.3515625 0.040625 0.02578125
22 0.9578125 0.6109375 0.04140625 0.03125
28 0.97109375 0.65390625 0.0515625 0.046875
33 0.84609375 0.1375 0.0359375 0.0328125
23 0.69921875 0.34765625 0.05390625 0.0453125