0 0.0671875 0.2859375 0.028125 0.0390625
0 0.20703125 0.28515625 0.04453125 0.04921875
0 0.35859375 0.28359375 0.0390625 0.05390625
15 0.19140625 0.21171875 0.06015625 0.04375
15 0.3609375 0.21484375 0.07890625 0.05234375
15 0.52265625 0.2125 0.0703125 0.05078125
15 0.7046875 0.209375 0.05546875 0.05078125
15 0.84765625 0.03515625 0.04453125 0.0578125
15 0.84921875 0.234375 0.0453125 0.08515625
15 0.8546875 0.42734375 0.05703125 0.078125
15 0.84140625 0.62890625 0.05078125 0.084375
15 0.85234375 0.8453125 0.0515625 0.08125
40 0.21484375 0.61171875 0.0359375 0.040625
32 0.253125 0.61015625 0.0359375 0.03203125
21 0.45234375 0.33515625 0.0578125 0.04375
34 0.459375 0.38515625 0.0421875 0.05078125
7 0.03046875 0.08125 0.05078125 0.0375
21 0.0890625 0.08203125 0.0578125 0.0421875
27 0.109375 0.12265625 0.0625 0.05390625
25 0.03125 0.1671875 0.04765625 0.0421875