0 0.0546875 0.28828125 0.034375 0.040625
0 0.2015625 0.28828125 0.03203125 0.04375
0 0.3484375 0.28828125 0.03203125 0.04375
15 0.19140625 0.46484375 0.08046875 0.04609375
15 0.35 0.465625 0.05625 0.05390625
15 0.525 0.46640625 0.0765625 0.04453125
15 0.6828125 0.4671875 0.08046875 0.0546875
15 0.83984375 0.04609375 0.0375 0.0609375
15 0.8375 0.24453125 0.0390625 0.075
15 0.83515625 0.4421875 0.03671875 0.06796875
15 0.83203125 0.65390625 0.034375 0.078125
15 0.69296875 0.71796875 0.06328125 0.04375
15 0.5234375 0.71640625 0.0625 0.05234375
15 0.35390625 0.7140625 0.0875 0.05625
15 0.18671875 0.7140625 0.0734375 0.0421875
21 0.44609375 0.3328125 0.05625 0.034375
21 0.0875 0.3375 0.05 0.034375
7 0.028125 0.33515625 0.04609375 0.04765625
8 0.025 0.58203125 0.05 0.04921875
25 0.0328125 0.6734375 0.0515625 0.03359375
25 0.0265625 0.4203125 0.05234375 0.0421875
27 0.10390625 0.38359375 0.07578125 0.04375
34 0.4453125 0.375 0.04140625 0.05234375
17 0.9640625 0.59765625 0.0328125 0.05234375