0 0.02890625 0.03359375 0.0328125 0.03515625
0 0.17578125 0.0390625 0.0484375 0.0703125
0 0.31640625 0.03359375 0.0390625 0.05234375
15 0.18515625 0.46328125 0.0546875 0.0390625
15 0.35859375 0.4703125 0.0609375 0.040625
15 0.525 0.46015625 0.08125 0.05
15 0.70703125 0.46484375 0.05859375 0.05703125
15 0.85234375 0.62109375 0.04609375 0.071875
15 0.8515625 0.82890625 0.04765625 0.0640625
15 0.18125 0.965625 0.06484375 0.0421875
15 0.3609375 0.9609375 0.06015625 0.05390625
15 0.5328125 0.96796875 0.08828125 0.04375
15 0.703125 0.96171875 0.075 0.05
21 0.39375 0.08359375 0.05625 0.03359375
38 0.39609375 0.1203125 0.03984375 0.0421875
8 0.02734375 0.33203125 0.05234375 0.0484375
8 0.02578125 0.83203125 0.0484375 0.05234375
25 0.0265625 0.41953125 0.05234375 0.05078125
25 0.0265625 0.91875 0.0453125 0.0390625