0 0.4984375 0.0328125 0.03515625 0.0421875
0 0.64609375 0.03515625 0.0328125 0.03828125
0 0.796875 0.034375 0.0359375 0.0484375
0 0.9453125 0.03359375 0.0375 0.05
0 0.90390625 0.28359375 0.0296875 0.046875
0 0.75859375 0.28671875 0.0328125 0.025
0 0.6109375 0.28359375 0.03515625 0.0390625
0 0.4609375 0.28984375 0.03125 0.03671875
0 0.17421875 0.27421875 0.04140625 0.03515625
0 0.18046875 0.1015625 0.0609375 0.0453125
0 0.4546875 0.528125 0.03984375 0.05546875
0 0.60625 0.5359375 0.04765625 0.03515625
0 0.75078125 0.53671875 0.0265625 0.05703125
0 0.7578125 0.77734375 0.0328125 0.05703125
0 0.6046875 0.7828125 0.0265625 0.040625
0 0.4546875 0.7859375 0.0390625 0.03671875
0 0.17578125 0.4453125 0.03125 0.0265625
0 0.2015625 0.4703125 0.0328125 0.03203125
0 0.16953125 0.6125 0.0359375 0.03359375
0 0.20234375 0.64453125 0.0296875 0.03046875
0 0.1703125 0.790625 0.0328125 0.03359375
0 0.1984375 0.81875 0.03125 0.02890625
0 0.175 0.96640625 0.02265625 0.03515625
0 0.1984375 0.984375 0.03359375 0.03046875
1 0.790625 0.33984375 0.0609375 0.03515625
1 0.784375 0.58515625 0.04609375 0.040625
1 0.78515625 0.83359375 0.0421875 0.04375
3 0.3109375 0.0796875 0.0484375 0.05703125
3 0.3125 0.328125 0.0453125 0.046875
3 0.3109375 0.5734375 0.05234375 0.0671875
3 0.3171875 0.834375 0.03515625 0.05078125
4 0.3890625 0.08203125 0.04765625 0.05859375
4 0.38515625 0.33671875 0.04765625 0.0390625
4 0.39296875 0.5796875 0.0515625 0.046875
4 0.38984375 0.83359375 0.0328125 0.05234375
5 0.4625 0.33828125 0.03984375 0.0421875
5 0.4625 0.58203125 0.03984375 0.0453125
5 0.46171875 0.83671875 0.04140625 0.05234375
16 0.6296875 0.08359375 0.04140625 0.0625
16 0.63046875 0.340625 0.04375 0.03671875
16 0.634375 0.8390625 0.0359375 0.05078125
24 0.5265625 0.3390625 0.04765625 0.04375
24 0.5234375 0.5859375 0.04375 0.05390625
24 0.5296875 0.83203125 0.0390625 0.05546875
23 0.70234375 0.340625 0.05234375 0.0421875
21 0.91796875 0.3390625 0.0484375 0.03203125
21 0.84921875 0.5765625 0.05625 0.040625
21 0.85546875 0.8328125 0.05390625 0.03359375
33 0.85234375 0.6265625 0.04765625 0.040625
33 0.8546875 0.87578125 0.04375 0.04375