0 0.43125 0.0375 0.02578125 0.0265625
0 0.5765625 0.04140625 0.034375 0.03671875
0 0.725 0.04296875 0.03359375 0.0390625
0 0.86953125 0.0390625 0.03359375 0.046875
0 0.9078125 0.28515625 0.03359375 0.0375
0 0.7578125 0.28125 0.0375 0.040625
0 0.61484375 0.28203125 0.0484375 0.04375
0 0.47109375 0.2890625 0.0359375 0.04765625
0 0.74375 0.5390625 0.034375 0.0390625
0 0.6 0.53984375 0.028125 0.04375
0 0.45 0.53515625 0.03125 0.03671875
0 0.4640625 0.78359375 0.03984375 0.0421875
0 0.61484375 0.7875 0.025 0.02890625
0 0.75625 0.78203125 0.02265625 0.03359375
0 0.9046875 0.7859375 0.034375 0.040625
0 0.17578125 0.246875 0.0375 0.0421875
0 0.1734375 0.4140625 0.0375 0.0453125
0 0.171875 0.59375 0.04453125 0.046875
0 0.1765625 0.76328125 0.03125 0.02734375
0 0.175 0.93671875 0.0359375 0.0390625
3 0.31328125 0.08984375 0.0375 0.05390625
3 0.31171875 0.3375 0.04453125 0.040625
3 0.3140625 0.5890625 0.040625 0.0453125
3 0.31328125 0.834375 0.03984375 0.05546875
4 0.390625 0.0875 0.04296875 0.046875
4 0.38828125 0.34296875 0.03359375 0.0453125
4 0.384375 0.590625 0.0359375 0.04375
4 0.38515625 0.83984375 0.04609375 0.046875
1 0.78125 0.83515625 0.06171875 0.03671875
1 0.78203125 0.08828125 0.05703125 0.0421875
1 0.78203125 0.5859375 0.04921875 0.0453125
5 0.46328125 0.33984375 0.04296875 0.0453125
5 0.4609375 0.590625 0.03359375 0.04921875
16 0.6296875 0.0875 0.040625 0.040625
16 0.61484375 0.33515625 0.0359375 0.0421875
16 0.628125 0.584375 0.040625 0.0453125
16 0.61484375 0.83671875 0.03125 0.040625
24 0.525 0.0890625 0.040625 0.05234375
24 0.525 0.590625 0.03984375 0.04765625
24 0.5234375 0.83515625 0.03984375 0.046875
23 0.69921875 0.0890625 0.04921875 0.040625
21 0.91796875 0.08984375 0.046875 0.03046875
21 0.84453125 0.5890625 0.053125 0.03046875
22 0.95390625 0.33671875 0.0421875 0.03046875
28 0.9671875 0.38046875 0.05546875 0.0421875
28 0.96875 0.88515625 0.0546875 0.040625
22 0.95390625 0.83515625 0.04453125 0.040625
33 0.84765625 0.63515625 0.0671875 0.05703125