15 0.8453125 0.11484375 0.0375 0.07265625
15 0.84453125 0.328125 0.0390625 0.06875
15 0.84453125 0.53203125 0.04609375 0.0796875
15 0.8484375 0.71953125 0.04375 0.0859375
15 0.8484375 0.9328125 0.034375 0.07265625
15 0.70078125 0.96953125 0.05 0.05234375
15 0.534375 0.97109375 0.05859375 0.05234375
15 0.359375 0.96640625 0.05625 0.04921875
15 0.1953125 0.9734375 0.0671875 0.0453125
7 0.03984375 0.8359375 0.05 0.0453125
21 0.1 0.83828125 0.05703125 0.040625
27 0.11640625 0.88125 0.05625 0.04765625
25 0.03984375 0.9203125 0.04609375 0.0375