0 0.45703125 0.03203125 0.02890625 0.03828125
0 0.603125 0.0359375 0.03515625 0.0390625
0 0.7453125 0.0390625 0.0328125 0.05078125
0 0.17109375 0.1609375 0.04140625 0.03203125
0 0.16875 0.3390625 0.04921875 0.06015625
0 0.16953125 0.50546875 0.03125 0.046875
0 0.16953125 0.6859375 0.04375 0.05234375
0 0.17578125 0.85625 0.02734375 0.028125
0 0.18828125 0.97109375 0.04140625 0.03515625
0 0.46171875 0.53515625 0.03125 0.0453125
0 0.6125 0.53046875 0.04140625 0.0421875
0 0.759375 0.53046875 0.02734375 0.0453125
0 0.90859375 0.53671875 0.02734375 0.0453125
0 0.75390625 0.78984375 0.02109375 0.046875
0 0.59765625 0.7890625 0.04765625 0.0421875
0 0.45390625 0.78515625 0.04609375 0.03203125
1 0.78828125 0.0875 0.05234375 0.04375
1 0.78828125 0.58671875 0.04296875 0.05
1 0.7859375 0.8359375 0.0453125 0.0421875
3 0.321875 0.09375 0.05234375 0.0609375
3 0.31328125 0.33828125 0.0453125 0.0390625
3 0.31796875 0.58359375 0.0390625 0.05
3 0.31171875 0.840625 0.04296875 0.05234375
4 0.3890625 0.08359375 0.03359375 0.05078125
4 0.3890625 0.34296875 0.05390625 0.05859375
4 0.3875 0.58671875 0.04140625 0.05234375
4 0.3875 0.834375 0.0328125 0.0484375
5 0.46328125 0.08359375 0.04765625 0.0453125
5 0.46328125 0.33515625 0.03671875 0.05390625
5 0.4640625 0.84296875 0.03671875 0.0453125
16 0.63046875 0.83671875 0.03515625 0.05
16 0.63046875 0.5875 0.03984375 0.0484375
16 0.63359375 0.33828125 0.04921875 0.0453125
16 0.63203125 0.08203125 0.04375 0.05234375
24 0.525 0.08125 0.0375 0.03671875
24 0.525 0.58515625 0.05234375 0.05859375
24 0.52734375 0.8359375 0.0453125 0.0484375
21 0.84921875 0.08359375 0.05625 0.03671875
21 0.91875 0.58359375 0.05 0.0390625
21 0.8484375 0.834375 0.06484375 0.0453125
23 0.703125 0.58671875 0.04296875 0.046875
33 0.853125 0.1265625 0.05 0.0453125
33 0.84921875 0.88125 0.04609375 0.0390625