0 0.19453125 0.02890625 0.03046875 0.0359375
0 0.1671875 0.09453125 0.0375 0.0328125
0 0.1921875 0.22890625 0.028125 0.04140625
0 0.17265625 0.3015625 0.034375 0.02734375
0 0.46015625 0.05703125 0.01953125 0.04296875
0 0.6 0.06328125 0.03046875 0.03828125
0 0.75 0.0578125 0.02890625 0.03828125
0 0.8984375 0.06640625 0.03359375 0.0328125
2 0.28125 0.2359375 0.0390625 0.04453125
1 0.778125 0.1234375 0.0421875 0.046875
3 0.3125 0.12109375 0.03359375 0.0453125
4 0.38671875 0.12109375 0.0453125 0.0453125
16 0.621875 0.125 0.04140625 0.0515625
23 0.69765625 0.125 0.0453125 0.05546875
24 0.52265625 0.125 0.0375 0.04296875
21 0.909375 0.12265625 0.05 0.034375
22 0.95703125 0.11875 0.03203125 0.04453125
28 0.96875 0.1671875 0.05078125 0.05