0 0.06328125 0.53046875 0.02265625 0.0390625
0 0.2109375 0.5328125 0.02890625 0.034375
0 0.36015625 0.53203125 0.0421875 0.04453125
15 0.19296875 0.71875 0.06796875 0.05078125
15 0.36171875 0.70859375 0.05703125 0.059375
15 0.53203125 0.71796875 0.07734375 0.04609375
15 0.7140625 0.715625 0.059375 0.05625
15 0.853125 0.91015625 0.05078125 0.06953125
7 0.03125 0.58125 0.05 0.04453125
21 0.0921875 0.5828125 0.053125 0.0390625
21 0.46328125 0.58125 0.06484375 0.03359375
27 0.1109375 0.62421875 0.071875 0.04765625
25 0.03125 0.66484375 0.046875 0.05078125
34 0.46484375 0.62265625 0.0234375 0.05234375
40 0.22109375 0.8578125 0.03515625 0.03359375
32 0.2578125 0.8578125 0.03125 0.0359375