0 0.45703125 0.04375 0.03359375 0.02421875
0 0.6015625 0.04765625 0.04140625 0.0375
0 0.7546875 0.04921875 0.02734375 0.040625
0 0.903125 0.053125 0.03515625 0.04609375
0 0.1734375 0.21953125 0.02734375 0.03203125
0 0.17578125 0.38828125 0.0421875 0.02421875
0 0.1671875 0.55234375 0.03984375 0.034375
0 0.49375 0.2859375 0.0375 0.040625
0 0.64375 0.290625 0.03515625 0.04609375
0 0.7953125 0.29296875 0.03203125 0.04609375
0 0.9390625 0.3 0.03515625 0.053125
0 0.44765625 0.53359375 0.0375 0.0421875
0 0.60078125 0.53203125 0.0375 0.040625
0 0.7390625 0.5359375 0.03984375 0.034375
0 0.19765625 0.7171875 0.0265625 0.02421875
0 0.1734375 0.72890625 0.03203125 0.021875
0 0.19765625 0.8921875 0.0265625 0.03046875
0 0.16953125 0.89921875 0.0296875 0.03046875
0 0.4578125 0.790625 0.03515625 0.0375
0 0.60546875 0.7921875 0.02890625 0.04296875
0 0.75546875 0.78828125 0.02734375 0.0421875
0 0.903125 0.790625 0.0296875 0.040625
1 0.784375 0.09453125 0.06015625 0.0359375
1 0.7796875 0.584375 0.05703125 0.04453125
1 0.78671875 0.83984375 0.04765625 0.04296875
3 0.31328125 0.09140625 0.0375 0.04609375
3 0.31328125 0.33359375 0.04140625 0.04921875
3 0.31640625 0.5890625 0.04140625 0.05078125
3 0.3140625 0.83125 0.0375 0.0578125
4 0.390625 0.09375 0.04453125 0.040625
4 0.3875 0.33984375 0.0359375 0.04609375
4 0.3875 0.5890625 0.03515625 0.05078125
4 0.38359375 0.8453125 0.03828125 0.05234375
5 0.46015625 0.5859375 0.0421875 0.0390625
16 0.63125 0.10078125 0.03359375 0.04765625
16 0.628125 0.33828125 0.0375 0.040625
16 0.6296875 0.5875 0.04453125 0.04765625
16 0.6296875 0.8421875 0.0421875 0.04609375
23 0.70078125 0.096875 0.04453125 0.04609375
23 0.70234375 0.8421875 0.0546875 0.04296875
21 0.92109375 0.0984375 0.0421875 0.034375
21 0.84921875 0.58125 0.0625 0.04296875
21 0.925 0.84296875 0.05234375 0.03046875
24 0.5234375 0.09609375 0.04609375 0.053125
24 0.525 0.5859375 0.0421875 0.0421875
24 0.52265625 0.83828125 0.05 0.0546875
33 0.85 0.62421875 0.03828125 0.04296875