0 0.05234375 0.03828125 0.03203125 0.0390625
0 0.20078125 0.04609375 0.03359375 0.03359375
0 0.35 0.04609375 0.0359375 0.0390625
0 0.053125 0.7828125 0.0421875 0.05078125
0 0.20078125 0.78828125 0.04375 0.05546875
0 0.35 0.7921875 0.02890625 0.04609375
15 0.190625 0.46484375 0.06796875 0.04765625
15 0.36484375 0.4640625 0.0890625 0.04765625
15 0.52734375 0.4640625 0.0734375 0.04375
15 0.70078125 0.4640625 0.0671875 0.0421875
15 0.84609375 0.6578125 0.03984375 0.09140625
15 0.8484375 0.87109375 0.05234375 0.07578125
21 0.4515625 0.09375 0.0609375 0.03359375
21 0.453125 0.83828125 0.0625 0.0421875
21 0.0828125 0.334375 0.0484375 0.0421875
7 0.02578125 0.334375 0.05078125 0.04765625
27 0.10390625 0.38046875 0.06796875 0.04375
25 0.02578125 0.41953125 0.05078125 0.05546875
34 0.453125 0.13359375 0.02890625 0.04609375
34 0.453125 0.88125 0.0234375 0.04921875