0 0.465625 0.025 0.025 0.03828125
0 0.615625 0.0234375 0.02890625 0.03515625
0 0.753125 0.025 0.03203125 0.03828125
0 0.9 0.02734375 0.03828125 0.0421875
0 0.19765625 0.0546875 0.02734375 0.021875
0 0.16796875 0.06015625 0.04453125 0.02734375
0 0.1953125 0.22109375 0.0234375 0.03359375
0 0.16875 0.2375 0.0375 0.0265625
0 0.19296875 0.39375 0.02890625 0.03203125
0 0.16640625 0.409375 0.03203125 0.03515625
0 0.19375 0.5765625 0.0296875 0.03046875
0 0.16953125 0.58125 0.02890625 0.0265625
0 0.19921875 0.74453125 0.02578125 0.03203125
0 0.17109375 0.75625 0.025 0.03203125
0 0.19375 0.9203125 0.0296875 0.025
0 0.17109375 0.92890625 0.02734375 0.03515625
0 0.459375 0.52109375 0.0359375 0.05390625
0 0.6015625 0.51875 0.03203125 0.046875
0 0.746875 0.52265625 0.03515625 0.0484375
0 0.89453125 0.52578125 0.03515625 0.0484375
0 0.93515625 0.7765625 0.03125 0.03359375
0 0.7890625 0.77734375 0.02734375 0.03828125
0 0.63984375 0.7703125 0.02265625 0.03671875
0 0.49140625 0.77734375 0.03828125 0.03828125
1 0.78359375 0.5796875 0.0484375 0.05078125
2 0.28671875 0.92421875 0.04375 0.03203125
3 0.3140625 0.0703125 0.0421875 0.05859375
3 0.3140625 0.3265625 0.04453125 0.0609375
3 0.31171875 0.575 0.03984375 0.05078125
3 0.31640625 0.82421875 0.040625 0.0453125
4 0.38671875 0.0796875 0.03984375 0.0453125
4 0.3875 0.31796875 0.03984375 0.046875
4 0.3859375 0.57578125 0.03359375 0.0703125
4 0.38359375 0.8203125 0.040625 0.05546875
5 0.46015625 0.06640625 0.04375 0.0421875
16 0.62890625 0.33125 0.0421875 0.04375
16 0.62578125 0.5765625 0.03828125 0.0453125
24 0.52578125 0.57265625 0.04609375 0.04921875
21 0.84375 0.06796875 0.059375 0.0421875
22 0.95703125 0.0734375 0.0484375 0.03359375
28 0.9625 0.1171875 0.06953125 0.05078125
33 0.846875 0.1125 0.04609375 0.04375