8 0.02578125 0.07421875 0.0421875 0.03828125
7 0.02578125 0.8046875 0.04453125 0.03828125
25 0.0265625 0.16171875 0.053125 0.040625
25 0.025 0.88359375 0.04453125 0.03828125
21 0.4421875 0.5609375 0.053125 0.0421875
21 0.08671875 0.803125 0.06796875 0.03828125
27 0.1 0.84921875 0.05546875 0.04375
40 0.20546875 0.34921875 0.02890625 0.03671875
32 0.24140625 0.34921875 0.03984375 0.03828125
0 0.05390625 0.51171875 0.0328125 0.05546875
0 0.2015625 0.51875 0.0359375 0.0578125
0 0.33359375 0.5171875 0.053125 0.0421875
15 0.18203125 0.20546875 0.08125 0.04921875
15 0.33984375 0.21171875 0.08203125 0.03984375
15 0.5109375 0.209375 0.08359375 0.0453125
15 0.69296875 0.2015625 0.0703125 0.04375
15 0.821875 0.06328125 0.05078125 0.06796875
15 0.8296875 0.25625 0.04609375 0.071875
15 0.828125 0.4625 0.0390625 0.075
15 0.821875 0.65546875 0.0484375 0.08203125
15 0.825 0.84765625 0.03046875 0.06796875
15 0.68671875 0.9359375 0.07734375 0.05546875
15 0.5203125 0.93359375 0.07265625 0.0625
15 0.34921875 0.934375 0.07109375 0.04375
15 0.1703125 0.9375 0.0625 0.05390625
17 0.9546875 0.82734375 0.0328125 0.059375
34 0.4375 0.60390625 0.0390625 0.04921875