0 0.05546875 0.0375 0.02734375 0.0390625
0 0.2 0.0375 0.03359375 0.04453125
0 0.33671875 0.03125 0.034375 0.059375
21 0.43828125 0.08046875 0.05234375 0.03359375
21 0.084375 0.3203125 0.04765625 0.0359375
34 0.4375 0.125 0.0265625 0.04140625
40 0.20390625 0.35234375 0.03125 0.03359375
32 0.23984375 0.35 0.03359375 0.034375
7 0.02421875 0.3171875 0.0484375 0.046875
27 0.09921875 0.3609375 0.0640625 0.0484375
25 0.025 0.4046875 0.05 0.03203125
17 0.940625 0.81640625 0.03203125 0.04609375
15 0.184375 0.44765625 0.06796875 0.04453125
15 0.33984375 0.44375 0.0765625 0.04453125
15 0.50390625 0.44765625 0.065625 0.0484375
15 0.675 0.44140625 0.06796875 0.05546875
15 0.815625 0.1375 0.0453125 0.075
15 0.81484375 0.33203125 0.0515625 0.0875
15 0.815625 0.53125 0.05 0.06640625
15 0.81171875 0.725 0.04765625 0.0734375
15 0.81328125 0.91328125 0.03671875 0.06796875