0 0.465625 0.04296875 0.03828125 0.04765625
0 0.6109375 0.0421875 0.03515625 0.0359375
0 0.76328125 0.0390625 0.028125 0.0421875
0 0.90703125 0.04453125 0.02890625 0.0421875
0 0.49765625 0.28828125 0.0375 0.0375
0 0.64765625 0.28828125 0.03984375 0.02890625
0 0.79453125 0.2890625 0.028125 0.04453125
0 0.940625 0.290625 0.03125 0.046875
0 0.49609375 0.53671875 0.03125 0.03828125
0 0.64609375 0.53203125 0.03046875 0.04453125
0 0.1734375 0.08046875 0.03046875 0.03125
0 0.1953125 0.11171875 0.040625 0.02890625
0 0.17109375 0.2484375 0.03515625 0.0296875
0 0.1984375 0.2765625 0.03203125 0.02890625
0 0.17421875 0.421875 0.03125 0.02734375
0 0.1953125 0.45 0.0375 0.0265625
0 0.1734375 0.5859375 0.03359375 0.034375
0 0.2 0.62109375 0.034375 0.0359375
0 0.175 0.759375 0.03828125 0.0359375
0 0.196875 0.78984375 0.03046875 0.0296875
0 0.17109375 0.92890625 0.03125 0.0296875
0 0.196875 0.9609375 0.03359375 0.02265625
2 0.29375 0.92578125 0.04609375 0.02734375
1 0.78984375 0.0921875 0.05 0.04296875
1 0.78828125 0.58125 0.05 0.0421875
3 0.31953125 0.09375 0.03671875 0.0453125
3 0.3171875 0.3359375 0.04140625 0.0421875
3 0.3171875 0.584375 0.03984375 0.040625
3 0.3171875 0.82734375 0.03515625 0.040625
4 0.39296875 0.08984375 0.04296875 0.04765625
4 0.39140625 0.340625 0.03515625 0.0515625
4 0.39140625 0.5828125 0.03828125 0.0515625
4 0.39140625 0.83359375 0.04296875 0.04765625
5 0.4640625 0.3390625 0.03515625 0.0359375
16 0.6359375 0.0921875 0.03984375 0.040625
16 0.63515625 0.3421875 0.03984375 0.04765625
16 0.63515625 0.58359375 0.03984375 0.046875
16 0.6359375 0.83125 0.03828125 0.0421875
23 0.71015625 0.09453125 0.05 0.04296875
24 0.5296875 0.09140625 0.04921875 0.046875
24 0.528125 0.58515625 0.04609375 0.04453125
21 0.925 0.09140625 0.04375 0.0296875
21 0.84921875 0.33515625 0.06484375 0.040625
33 0.85078125 0.37890625 0.05 0.03203125